# Grid file of cell IDs written by SPARTA

8900 cells
3 levels
50 40 1 level-1
2 4 1 level-2
1 3 1 level-3

Cells

1
34821
67589
100357
36869
69637
102405
38917
71685
104453
40965
73733
106501
10245
12293
14341
16389
34825
67593
100361
36873
69641
102409
38921
71689
104457
40969
73737
106505
10249
12297
14345
16393
34829
67597
100365
36877
69645
102413
38925
71693
104461
40973
73741
106509
10253
12301
14349
16397
53
34873
67641
100409
36921
69689
102457
38969
71737
104505
41017
73785
106553
10297
12345
14393
16441
34877
67645
100413
36925
69693
102461
38973
71741
104509
41021
73789
106557
10301
12349
14397
16445
34881
67649
100417
38977
71745
104513
10305
14401
101
34921
67689
100457
36969
69737
102505
39017
71785
104553
41065
73833
106601
10345
12393
14441
16489
34925
67693
100461
36973
69741
102509
39021
71789
104557
41069
73837
106605
10349
12397
14445
16493
34929
67697
100465
36977
69745
102513
39025
71793
104561
41073
73841
106609
10353
12401
14449
16497
153
34973
67741
100509
37021
69789
102557
39069
71837
104605
41117
73885
106653
10397
12445
14493
16541
34977
67745
100513
37025
69793
102561
39073
71841
104609
41121
73889
106657
10401
12449
14497
16545
34981
67749
100517
39077
71845
104613
10405
14501
201
35021
67789
100557
37069
69837
102605
39117
71885
104653
41165
73933
106701
10445
12493
14541
16589
35025
67793
100561
37073
69841
102609
39121
71889
104657
41169
73937
106705
10449
12497
14545
16593
35029
67797
100565
37077
69845
102613
39125
71893
104661
41173
73941
106709
10453
12501
14549
16597
253
35073
67841
100609
37121
69889
102657
39169
71937
104705
41217
73985
106753
10497
12545
14593
16641
35077
67845
100613
37125
69893
102661
39173
71941
104709
41221
73989
106757
10501
12549
14597
16645
35081
67849
100617
39177
71945
104713
10505
14601
301
35121
67889
100657
37169
69937
102705
39217
71985
104753
41265
74033
106801
10545
12593
14641
16689
35125
67893
100661
37173
69941
102709
39221
71989
104757
41269
74037
106805
10549
12597
14645
16693
35129
67897
100665
37177
69945
102713
39225
71993
104761
41273
74041
106809
10553
12601
14649
16697
353
35173
67941
100709
37221
69989
102757
39269
72037
104805
41317
74085
106853
10597
12645
14693
16741
35177
67945
100713
37225
69993
102761
39273
72041
104809
41321
74089
106857
10601
12649
14697
16745
35181
67949
100717
69997
102765
39277
72045
104813
41325
74093
106861
10605
12653
14701
16749
401
35221
67989
100757
37269
70037
102805
39317
72085
104853
41365
74133
106901
10645
12693
14741
16789
35225
67993
100761
37273
70041
102809
39321
72089
104857
41369
74137
106905
10649
12697
14745
16793
35229
67997
100765
37277
70045
102813
39325
72093
104861
41373
74141
106909
10653
12701
14749
16797
453
35273
68041
100809
37321
70089
102857
39369
72137
104905
41417
74185
106953
10697
12745
14793
16841
35277
68045
100813
37325
70093
102861
39373
72141
104909
41421
74189
106957
10701
12749
14797
16845
35281
68049
100817
37329
70097
102865
39377
72145
104913
41425
74193
106961
10705
12753
14801
16849
501
505
509
513
553
557
561
565
601
605
609
613
653
657
661
665
701
705
709
713
753
757
761
765
801
805
809
813
853
857
861
865
901
905
909
913
953
957
961
965
1001
1005
1009
1013
1053
1057
1061
1065
1101
1105
1109
1113
1153
1157
1161
1165
1201
1205
1209
1213
1253
1257
1261
1265
1301
1305
1309
1313
1353
1357
1361
1365
1401
1405
1409
1413
1453
1457
1461
1465
1501
1505
1509
1513
1553
1557
1561
1565
1601
1605
1609
1613
1653
1657
1661
1665
1701
1705
1709
1713
1753
1757
1761
1765
1801
1805
1809
1813
1853
1857
1861
1865
1901
1905
1909
1913
1953
1957
1961
1965
2
34822
67590
100358
36870
69638
102406
38918
71686
104454
40966
73734
106502
10246
12294
14342
16390
34826
67594
100362
36874
69642
102410
38922
71690
104458
40970
73738
106506
10250
12298
14346
16394
34830
67598
100366
36878
69646
102414
38926
71694
104462
40974
73742
106510
10254
12302
14350
16398
54
34874
67642
100410
36922
69690
102458
38970
71738
104506
41018
73786
106554
10298
12346
14394
16442
34878
67646
100414
36926
69694
102462
38974
71742
104510
41022
73790
106558
10302
12350
14398
16446
102
34922
67690
100458
36970
69738
102506
39018
71786
104554
41066
73834
106602
10346
12394
14442
16490
34926
67694
100462
36974
69742
102510
39022
71790
104558
41070
73838
106606
10350
12398
14446
16494
34930
67698
100466
36978
69746
102514
39026
71794
104562
41074
73842
106610
10354
12402
14450
16498
154
34974
67742
100510
37022
69790
102558
39070
71838
104606
41118
73886
106654
10398
12446
14494
16542
34978
67746
100514
37026
69794
102562
39074
71842
104610
41122
73890
106658
10402
12450
14498
16546
202
35022
67790
100558
37070
69838
102606
39118
71886
104654
41166
73934
106702
10446
12494
14542
16590
35026
67794
100562
37074
69842
102610
39122
71890
104658
41170
73938
106706
10450
12498
14546
16594
35030
67798
100566
37078
69846
102614
39126
71894
104662
41174
73942
106710
10454
12502
14550
16598
254
35074
67842
100610
37122
69890
102658
39170
71938
104706
41218
73986
106754
10498
12546
14594
16642
35078
67846
100614
37126
69894
102662
39174
71942
104710
41222
73990
106758
10502
12550
14598
16646
302
35122
67890
100658
37170
69938
102706
39218
71986
104754
41266
74034
106802
10546
12594
14642
16690
35126
67894
100662
37174
69942
102710
39222
71990
104758
41270
74038
106806
10550
12598
14646
16694
35130
67898
100666
37178
69946
102714
39226
71994
104762
41274
74042
106810
10554
12602
14650
16698
354
35174
67942
100710
37222
69990
102758
39270
72038
104806
41318
74086
106854
10598
12646
14694
16742
35178
67946
100714
37226
69994
102762
39274
72042
104810
41322
74090
106858
10602
12650
14698
16746
402
35222
67990
100758
37270
70038
102806
39318
72086
104854
41366
74134
106902
10646
12694
14742
16790
35226
67994
100762
37274
70042
102810
39322
72090
104858
41370
74138
106906
10650
12698
14746
16794
35230
67998
100766
37278
70046
102814
39326
72094
104862
41374
74142
106910
10654
12702
14750
16798
454
35274
68042
100810
37322
70090
102858
39370
72138
104906
41418
74186
106954
10698
12746
14794
16842
35278
68046
100814
37326
70094
102862
39374
72142
104910
41422
74190
106958
10702
12750
14798
16846
502
506
510
514
554
558
562
602
606
610
614
654
658
662
702
706
710
714
754
758
762
802
806
810
814
854
858
862
902
906
910
914
954
958
962
1002
1006
1010
1014
1054
1058
1062
1102
1106
1110
1114
1154
1158
1162
1202
1206
1210
1214
1254
1258
1262
1302
1306
1310
1314
1354
1358
1362
1402
1406
1410
1414
1454
1458
1462
1502
1506
1510
1514
1554
1558
1562
1602
1606
1610
1614
1654
1658
1662
1702
1706
1710
1714
1754
1758
1762
1802
1806
1810
1814
1854
1858
1862
1902
1906
1910
1914
1954
1958
1962
3
34823
67591
100359
36871
69639
102407
38919
71687
104455
40967
73735
106503
10247
12295
14343
16391
34827
67595
100363
36875
69643
102411
38923
71691
104459
40971
73739
106507
10251
12299
14347
16395
34831
67599
100367
36879
69647
102415
38927
71695
104463
40975
73743
106511
10255
12303
14351
16399
51
34871
67639
100407
36919
69687
102455
38967
71735
104503
41015
73783
106551
10295
12343
14391
16439
34875
67643
100411
36923
69691
102459
38971
71739
104507
41019
73787
106555
10299
12347
14395
16443
34879
67647
100415
36927
69695
102463
38975
71743
104511
41023
73791
106559
10303
12351
14399
16447
103
34923
67691
100459
36971
69739
102507
39019
71787
104555
41067
73835
106603
10347
12395
14443
16491
34927
67695
100463
36975
69743
102511
39023
71791
104559
41071
73839
106607
10351
12399
14447
16495
34931
67699
100467
36979
69747
102515
39027
71795
104563
41075
73843
106611
10355
12403
14451
16499
151
34971
67739
100507
37019
69787
102555
39067
71835
104603
41115
73883
106651
10395
12443
14491
16539
34975
67743
100511
37023
69791
102559
39071
71839
104607
41119
73887
106655
10399
12447
14495
16543
34979
67747
100515
37027
69795
102563
39075
71843
104611
41123
73891
106659
10403
12451
14499
16547
203
35023
67791
100559
37071
69839
102607
39119
71887
104655
41167
73935
106703
10447
12495
14543
16591
35027
67795
100563
37075
69843
102611
39123
71891
104659
41171
73939
106707
10451
12499
14547
16595
35031
67799
100567
37079
69847
102615
39127
71895
104663
41175
73943
106711
10455
12503
14551
16599
251
35071
67839
100607
37119
69887
102655
39167
71935
104703
41215
73983
106751
10495
12543
14591
16639
35075
67843
100611
37123
69891
102659
39171
71939
104707
41219
73987
106755
10499
12547
14595
16643
35079
67847
100615
37127
69895
102663
39175
71943
104711
41223
73991
106759
10503
12551
14599
16647
303
35123
67891
100659
37171
69939
102707
39219
71987
104755
41267
74035
106803
10547
12595
14643
16691
35127
67895
100663
37175
69943
102711
39223
71991
104759
41271
74039
106807
10551
12599
14647
16695
35131
67899
100667
37179
69947
102715
39227
71995
104763
41275
74043
106811
10555
12603
14651
16699
351
35171
67939
100707
37219
69987
102755
39267
72035
104803
41315
74083
106851
10595
12643
14691
16739
35175
67943
100711
37223
69991
102759
39271
72039
104807
41319
74087
106855
10599
12647
14695
16743
35179
67947
100715
37227
69995
102763
39275
72043
104811
41323
74091
106859
10603
12651
14699
16747
403
35223
67991
100759
37271
70039
102807
39319
72087
104855
41367
74135
106903
10647
12695
14743
16791
35227
67995
100763
37275
70043
102811
39323
72091
104859
41371
74139
106907
10651
12699
14747
16795
35231
67999
100767
37279
70047
102815
39327
72095
104863
41375
74143
106911
10655
12703
14751
16799
451
35271
68039
100807
37319
70087
102855
39367
72135
104903
41415
74183
106951
10695
12743
14791
16839
35275
68043
100811
37323
70091
102859
39371
72139
104907
41419
74187
106955
10699
12747
14795
16843
35279
68047
100815
37327
70095
102863
39375
72143
104911
41423
74191
106959
10703
12751
14799
16847
503
507
511
515
551
555
559
563
603
607
611
615
651
655
659
663
703
707
711
715
751
755
759
763
803
807
811
815
851
855
859
863
903
907
911
915
951
955
959
963
1003
1007
1011
1015
1051
1055
1059
1063
1103
1107
1111
1115
1151
1155
1159
1163
1203
1207
1211
1215
1251
1255
1259
1263
1303
1307
1311
1315
1351
1355
1359
1363
1403
1407
1411
1415
1451
1455
1459
1463
1503
1507
1511
1515
1551
1555
1559
1563
1603
1607
1611
1615
1651
1655
1659
1663
1703
1707
1711
1715
1751
1755
1759
1763
1803
1807
1811
1815
1851
1855
1859
1863
1903
1907
1911
1915
1951
1955
1959
1963
4
34824
67592
100360
36872
69640
102408
38920
71688
104456
40968
73736
106504
10248
12296
14344
16392
34828
67596
100364
36876
69644
102412
38924
71692
104460
40972
73740
106508
10252
12300
14348
16396
52
34872
67640
100408
36920
69688
102456
38968
71736
104504
41016
73784
106552
10296
12344
14392
16440
34876
67644
100412
36924
69692
102460
38972
71740
104508
41020
73788
106556
10300
12348
14396
16444
34880
67648
100416
36928
69696
102464
38976
71744
104512
41024
73792
106560
10304
12352
14400
16448
104
34924
67692
100460
36972
69740
102508
39020
71788
104556
41068
73836
106604
10348
12396
14444
16492
34928
67696
100464
36976
69744
102512
39024
71792
104560
41072
73840
106608
10352
12400
14448
16496
152
34972
67740
100508
37020
69788
102556
39068
71836
104604
41116
73884
106652
10396
12444
14492
16540
34976
67744
100512
37024
69792
102560
39072
71840
104608
41120
73888
106656
10400
12448
14496
16544
34980
67748
100516
37028
69796
102564
39076
71844
104612
41124
73892
106660
10404
12452
14500
16548
204
35024
67792
100560
37072
69840
102608
39120
71888
104656
41168
73936
106704
10448
12496
14544
16592
35028
67796
100564
37076
69844
102612
39124
71892
104660
41172
73940
106708
10452
12500
14548
16596
252
35072
67840
100608
37120
69888
102656
39168
71936
104704
41216
73984
106752
10496
12544
14592
16640
35076
67844
100612
37124
69892
102660
39172
71940
104708
41220
73988
106756
10500
12548
14596
16644
35080
67848
100616
37128
69896
102664
39176
71944
104712
41224
73992
106760
10504
12552
14600
16648
304
35124
67892
100660
37172
69940
102708
39220
71988
104756
41268
74036
106804
10548
12596
14644
16692
35128
67896
100664
37176
69944
102712
39224
71992
104760
41272
74040
106808
10552
12600
14648
16696
352
35172
67940
100708
37220
69988
102756
39268
72036
104804
41316
74084
106852
10596
12644
14692
16740
35176
67944
100712
37224
69992
102760
39272
72040
104808
41320
74088
106856
10600
12648
14696
16744
35180
67948
100716
37228
69996
102764
39276
72044
104812
41324
74092
106860
10604
12652
14700
16748
404
35224
67992
100760
37272
70040
102808
39320
72088
104856
41368
74136
106904
10648
12696
14744
16792
35228
67996
100764
37276
70044
102812
39324
72092
104860
41372
74140
106908
10652
12700
14748
16796
452
35272
68040
100808
37320
70088
102856
39368
72136
104904
41416
74184
106952
10696
12744
14792
16840
35276
68044
100812
37324
70092
102860
39372
72140
104908
41420
74188
106956
10700
12748
14796
16844
35280
68048
100816
37328
70096
102864
39376
72144
104912
41424
74192
106960
10704
12752
14800
16848
504
508
512
552
556
560
564
604
608
612
652
656
660
664
704
708
712
752
756
760
764
804
808
812
852
856
860
864
904
908
912
952
956
960
964
1004
1008
1012
1052
1056
1060
1064
1104
1108
1112
1152
1156
1160
1164
1204
1208
1212
1252
1256
1260
1264
1304
1308
1312
1352
1356
1360
1364
1404
1408
1412
1452
1456
1460
1464
1504
1508
1512
1552
1556
1560
1564
1604
1608
1612
1652
1656
1660
1664
1704
1708
1712
1752
1756
1760
1764
1804
1808
1812
1852
1856
1860
1864
1904
1908
1912
1952
1956
1960
1964
34834
67602
100370
36882
69650
102418
38930
71698
104466
40978
73746
106514
10258
12306
14354
16402
34838
67606
100374
36886
69654
102422
38934
71702
104470
40982
73750
106518
10262
12310
14358
16406
34842
67610
100378
36890
69658
102426
38938
71706
104474
40986
73754
106522
10266
12314
14362
16410
34882
67650
100418
36930
69698
102466
38978
71746
104514
41026
73794
106562
10306
12354
14402
16450
34886
67654
100422
36934
69702
102470
38982
71750
104518
41030
73798
106566
10310
12358
14406
16454
34890
67658
100426
36938
69706
102474
38986
71754
104522
41034
73802
106570
10314
12362
14410
16458
34934
67702
100470
36982
69750
102518
39030
71798
104566
41078
73846
106614
10358
12406
14454
16502
34938
67706
100474
36986
69754
102522
39034
71802
104570
41082
73850
106618
10362
12410
14458
16506
34942
67710
100478
36990
69758
102526
39038
71806
104574
41086
73854
106622
10366
12414
14462
16510
34982
67750
100518
37030
69798
102566
39078
71846
104614
41126
73894
106662
10406
12454
14502
16550
34986
67754
100522
37034
69802
102570
39082
71850
104618
41130
73898
106666
10410
12458
14506
16554
34990
67758
100526
37038
69806
102574
39086
71854
104622
41134
73902
106670
10414
12462
14510
16558
35034
67802
100570
37082
69850
102618
39130
71898
104666
41178
73946
106714
10458
12506
14554
16602
35038
67806
100574
37086
69854
102622
39134
71902
104670
41182
73950
106718
10462
12510
14558
16606
35042
67810
100578
37090
69858
102626
39138
71906
104674
41186
73954
106722
10466
12514
14562
16610
35082
67850
100618
37130
69898
102666
39178
71946
104714
41226
73994
106762
10506
12554
14602
16650
35086
67854
100622
37134
69902
102670
39182
71950
104718
41230
73998
106766
10510
12558
14606
16654
35090
67858
100626
37138
69906
102674
39186
71954
104722
41234
74002
106770
10514
12562
14610
16658
35134
67902
100670
37182
69950
102718
39230
71998
104766
41278
74046
106814
10558
12606
14654
16702
35138
67906
100674
37186
69954
102722
39234
72002
104770
41282
74050
106818
10562
12610
14658
16706
35142
67910
100678
37190
69958
102726
39238
72006
104774
41286
74054
106822
10566
12614
14662
16710
35182
67950
100718
37230
69998
102766
39278
72046
104814
41326
74094
106862
10606
12654
14702
16750
35186
67954
100722
37234
70002
102770
39282
72050
104818
41330
74098
106866
10610
12658
14706
16754
35190
67958
100726
37238
70006
102774
39286
72054
104822
41334
74102
106870
10614
12662
14710
16758
35234
68002
100770
37282
70050
102818
39330
72098
104866
41378
74146
106914
10658
12706
14754
16802
35238
68006
100774
37286
70054
102822
39334
72102
104870
41382
74150
106918
10662
12710
14758
16806
35242
68010
100778
37290
70058
102826
39338
72106
104874
41386
74154
106922
10666
12714
14762
16810
35282
68050
100818
37330
70098
102866
39378
72146
104914
41426
74194
106962
10706
12754
14802
16850
35286
68054
100822
37334
70102
102870
39382
72150
104918
41430
74198
106966
10710
12758
14806
16854
35290
68058
100826
37338
70106
102874
39386
72154
104922
41434
74202
106970
10714
12762
14810
16858
518
522
526
566
570
574
618
622
626
666
670
674
718
722
726
766
770
774
818
822
826
866
870
874
918
922
926
966
970
974
1018
1022
1026
1066
1070
1074
1118
1122
1126
1166
1170
1174
1218
1222
1226
1266
1270
1274
1318
1322
1326
1366
1370
1374
1418
1422
1426
1466
1470
1474
1518
1522
1526
1566
1570
1574
1618
1622
1626
1666
1670
1674
1718
1722
1726
1766
1770
1774
1818
1822
1826
1866
1870
1874
1918
1922
1926
1966
1970
1974
34833
67601
100369
36881
69649
102417
38929
71697
104465
40977
73745
106513
10257
12305
14353
16401
34837
67605
100373
36885
69653
102421
38933
71701
104469
40981
73749
106517
10261
12309
14357
16405
34841
67609
100377
36889
69657
102425
38937
71705
104473
40985
73753
106521
10265
12313
14361
16409
36929
69697
102465
41025
73793
106561
12353
16449
34885
67653
100421
36933
69701
102469
38981
71749
104517
41029
73797
106565
10309
12357
14405
16453
34889
67657
100425
36937
69705
102473
38985
71753
104521
41033
73801
106569
10313
12361
14409
16457
34893
67661
100429
38989
71757
104525
10317
14413
34933
67701
100469
36981
69749
102517
39029
71797
104565
41077
73845
106613
10357
12405
14453
16501
34937
67705
100473
36985
69753
102521
39033
71801
104569
41081
73849
106617
10361
12409
14457
16505
34941
67709
100477
36989
69757
102525
39037
71805
104573
41085
73853
106621
10365
12413
14461
16509
37029
69797
102565
41125
73893
106661
12453
16549
34985
67753
100521
37033
69801
102569
39081
71849
104617
41129
73897
106665
10409
12457
14505
16553
34989
67757
100525
37037
69805
102573
39085
71853
104621
41133
73901
106669
10413
12461
14509
16557
34993
67761
100529
39089
71857
104625
10417
14513
35033
67801
100569
37081
69849
102617
39129
71897
104665
41177
73945
106713
10457
12505
14553
16601
35037
67805
100573
37085
69853
102621
39133
71901
104669
41181
73949
106717
10461
12509
14557
16605
35041
67809
100577
37089
69857
102625
39137
71905
104673
41185
73953
106721
10465
12513
14561
16609
37129
69897
102665
41225
73993
106761
12553
16649
35085
67853
100621
37133
69901
102669
39181
71949
104717
41229
73997
106765
10509
12557
14605
16653
35089
67857
100625
37137
69905
102673
39185
71953
104721
41233
74001
106769
10513
12561
14609
16657
35093
67861
100629
39189
71957
104725
10517
14613
35133
67901
100669
37181
69949
102717
39229
71997
104765
41277
74045
106813
10557
12605
14653
16701
35137
67905
100673
37185
69953
102721
39233
72001
104769
41281
74049
106817
10561
12609
14657
16705
35141
67909
100677
37189
69957
102725
39237
72005
104773
41285
74053
106821
10565
12613
14661
16709
37229
35185
67953
100721
37233
70001
102769
39281
72049
104817
41329
74097
106865
10609
12657
14705
16753
35189
67957
100725
37237
70005
102773
39285
72053
104821
41333
74101
106869
10613
12661
14709
16757
35193
67961
100729
39289
72057
104825
10617
14713
35233
68001
100769
37281
70049
102817
39329
72097
104865
41377
74145
106913
10657
12705
14753
16801
35237
68005
100773
37285
70053
102821
39333
72101
104869
41381
74149
106917
10661
12709
14757
16805
35241
68009
100777
37289
70057
102825
39337
72105
104873
41385
74153
106921
10665
12713
14761
16809
35285
68053
100821
37333
70101
102869
39381
72149
104917
41429
74197
106965
10709
12757
14805
16853
35289
68057
100825
37337
70105
102873
39385
72153
104921
41433
74201
106969
10713
12761
14809
16857
35293
68061
100829
39389
72157
104925
10717
14813
517
521
525
569
573
577
617
621
625
669
673
677
717
721
725
769
773
777
817
821
825
869
873
877
917
921
925
969
973
977
1017
1021
1025
1069
1073
1077
1117
1121
1125
1169
1173
1177
1217
1221
1225
1269
1273
1277
1317
1321
1325
1369
1373
1377
1417
1421
1425
1469
1473
1477
1517
1521
1525
1569
1573
1577
1617
1621
1625
1669
1673
1677
1717
1721
1725
1769
1773
1777
1817
1821
1825
1869
1873
1877
1917
1921
1925
1969
1973
1977
34835
67603
100371
36883
69651
102419
38931
71699
104467
40979
73747
106515
10259
12307
14355
16403
34839
67607
100375
36887
69655
102423
38935
71703
104471
40983
73751
106519
10263
12311
14359
16407
34843
67611
100379
38939
71707
104475
10267
14363
34883
67651
100419
36931
69699
102467
38979
71747
104515
41027
73795
106563
10307
12355
14403
16451
34887
67655
100423
36935
69703
102471
38983
71751
104519
41031
73799
106567
10311
12359
14407
16455
34891
67659
100427
36939
69707
102475
38987
71755
104523
41035
73803
106571
10315
12363
14411
16459
34935
67703
100471
36983
69751
102519
39031
71799
104567
41079
73847
106615
10359
12407
14455
16503
34939
67707
100475
36987
69755
102523
39035
71803
104571
41083
73851
106619
10363
12411
14459
16507
34943
67711
100479
39039
71807
104575
10367
14463
34983
67751
100519
37031
69799
102567
39079
71847
104615
41127
73895
106663
10407
12455
14503
16551
34987
67755
100523
37035
69803
102571
39083
71851
104619
41131
73899
106667
10411
12459
14507
16555
34991
67759
100527
37039
69807
102575
39087
71855
104623
41135
73903
106671
10415
12463
14511
16559
35035
67803
100571
37083
69851
102619
39131
71899
104667
41179
73947
106715
10459
12507
14555
16603
35039
67807
100575
37087
69855
102623
39135
71903
104671
41183
73951
106719
10463
12511
14559
16607
35043
67811
100579
39139
71907
104675
10467
14563
35083
67851
100619
37131
69899
102667
39179
71947
104715
41227
73995
106763
10507
12555
14603
16651
35087
67855
100623
37135
69903
102671
39183
71951
104719
41231
73999
106767
10511
12559
14607
16655
35091
67859
100627
37139
69907
102675
39187
71955
104723
41235
74003
106771
10515
12563
14611
16659
35135
67903
100671
37183
69951
102719
39231
71999
104767
41279
74047
106815
10559
12607
14655
16703
35139
67907
100675
37187
69955
102723
39235
72003
104771
41283
74051
106819
10563
12611
14659
16707
35143
67911
100679
39239
72007
104775
10567
14663
35183
67951
100719
37231
69999
102767
39279
72047
104815
41327
74095
106863
10607
12655
14703
16751
35187
67955
100723
37235
70003
102771
39283
72051
104819
41331
74099
106867
10611
12659
14707
16755
35191
67959
100727
37239
70007
102775
39287
72055
104823
41335
74103
106871
10615
12663
14711
16759
35235
68003
100771
37283
70051
102819
39331
72099
104867
41379
74147
106915
10659
12707
14755
16803
35239
68007
100775
37287
70055
102823
39335
72103
104871
41383
74151
106919
10663
12711
14759
16807
35243
68011
100779
39339
72107
104875
10667
14763
35283
68051
100819
37331
70099
102867
39379
72147
104915
41427
74195
106963
10707
12755
14803
16851
35287
68055
100823
37335
70103
102871
39383
72151
104919
41431
74199
106967
10711
12759
14807
16855
35291
68059
100827
37339
70107
102875
39387
72155
104923
41435
74203
106971
10715
12763
14811
16859
519
523
527
567
571
575
619
623
627
667
671
675
719
723
727
767
771
775
819
823
827
867
871
875
919
923
927
967
971
975
1019
1023
1027
1067
1071
1075
1119
1123
1127
1167
1171
1175
1219
1223
1227
1267
1271
1275
1319
1323
1327
1367
1371
1375
1419
1423
1427
1467
1471
1475
1519
1523
1527
1567
1571
1575
1619
1623
1627
1667
1671
1675
1719
1723
1727
1767
1771
1775
1819
1823
1827
1867
1871
1875
1919
1923
1927
1967
1971
1975
34832
67600
100368
36880
69648
102416
38928
71696
104464
40976
73744
106512
10256
12304
14352
16400
34836
67604
100372
36884
69652
102420
38932
71700
104468
40980
73748
106516
10260
12308
14356
16404
34840
67608
100376
36888
69656
102424
38936
71704
104472
40984
73752
106520
10264
12312
14360
16408
34884
67652
100420
36932
69700
102468
38980
71748
104516
41028
73796
106564
10308
12356
14404
16452
34888
67656
100424
36936
69704
102472
38984
71752
104520
41032
73800
106568
10312
12360
14408
16456
34892
67660
100428
36940
69708
102476
38988
71756
104524
41036
73804
106572
10316
12364
14412
16460
34932
67700
100468
36980
69748
102516
39028
71796
104564
41076
73844
106612
10356
12404
14452
16500
34936
67704
100472
36984
69752
102520
39032
71800
104568
41080
73848
106616
10360
12408
14456
16504
34940
67708
100476
36988
69756
102524
39036
71804
104572
41084
73852
106620
10364
12412
14460
16508
34984
67752
100520
37032
69800
102568
39080
71848
104616
41128
73896
106664
10408
12456
14504
16552
34988
67756
100524
37036
69804
102572
39084
71852
104620
41132
73900
106668
10412
12460
14508
16556
34992
67760
100528
37040
69808
102576
39088
71856
104624
41136
73904
106672
10416
12464
14512
16560
35032
67800
100568
37080
69848
102616
39128
71896
104664
41176
73944
106712
10456
12504
14552
16600
35036
67804
100572
37084
69852
102620
39132
71900
104668
41180
73948
106716
10460
12508
14556
16604
35040
67808
100576
37088
69856
102624
39136
71904
104672
41184
73952
106720
10464
12512
14560
16608
35084
67852
100620
37132
69900
102668
39180
71948
104716
41228
73996
106764
10508
12556
14604
16652
35088
67856
100624
37136
69904
102672
39184
71952
104720
41232
74000
106768
10512
12560
14608
16656
35092
67860
100628
37140
69908
102676
39188
71956
104724
41236
74004
106772
10516
12564
14612
16660
35132
67900
100668
37180
69948
102716
39228
71996
104764
41276
74044
106812
10556
12604
14652
16700
35136
67904
100672
37184
69952
102720
39232
72000
104768
41280
74048
106816
10560
12608
14656
16704
35140
67908
100676
37188
69956
102724
39236
72004
104772
41284
74052
106820
10564
12612
14660
16708
35184
67952
100720
37232
70000
102768
39280
72048
104816
41328
74096
106864
10608
12656
14704
16752
35188
67956
100724
37236
70004
102772
39284
72052
104820
41332
74100
106868
10612
12660
14708
16756
35192
67960
100728
37240
70008
102776
39288
72056
104824
41336
74104
106872
10616
12664
14712
16760
35232
68000
100768
37280
70048
102816
39328
72096
104864
41376
74144
106912
10656
12704
14752
16800
35236
68004
100772
37284
70052
102820
39332
72100
104868
41380
74148
106916
10660
12708
14756
16804
35240
68008
100776
37288
70056
102824
39336
72104
104872
41384
74152
106920
10664
12712
14760
16808
35284
68052
100820
37332
70100
102868
39380
72148
104916
41428
74196
106964
10708
12756
14804
16852
35288
68056
100824
37336
70104
102872
39384
72152
104920
41432
74200
106968
10712
12760
14808
16856
35292
68060
100828
37340
70108
102876
39388
72156
104924
41436
74204
106972
10716
12764
14812
16860
516
520
524
568
572
576
616
620
624
668
672
676
716
720
724
768
772
776
816
820
824
868
872
876
916
920
924
968
972
976
1016
1020
1024
1068
1072
1076
1116
1120
1124
1168
1172
1176
1216
1220
1224
1268
1272
1276
1316
1320
1324
1368
1372
1376
1416
1420
1424
1468
1472
1476
1516
1520
1524
1568
1572
1576
1616
1620
1624
1668
1672
1676
1716
1720
1724
1768
1772
1776
1816
1820
1824
1868
1872
1876
1916
1920
1924
1968
1972
1976
36891
69659
102427
40987
73755
106523
12315
16411
34847
67615
100383
36895
69663
102431
38943
71711
104479
40991
73759
106527
10271
12319
14367
16415
34851
67619
100387
36899
69667
102435
38947
71715
104483
40995
73763
106531
10275
12323
14371
16419
34855
67623
100391
38951
71719
104487
10279
14375
34895
67663
100431
36943
69711
102479
38991
71759
104527
41039
73807
106575
10319
12367
14415
16463
34899
67667
100435
36947
69715
102483
38995
71763
104531
41043
73811
106579
10323
12371
14419
16467
34903
67671
100439
36951
69719
102487
38999
71767
104535
41047
73815
106583
10327
12375
14423
16471
36991
69759
102527
41087
73855
106623
12415
16511
34947
67715
100483
36995
69763
102531
39043
71811
104579
41091
73859
106627
10371
12419
14467
16515
34951
67719
100487
36999
69767
102535
39047
71815
104583
41095
73863
106631
10375
12423
14471
16519
34955
67723
100491
39051
71819
104587
10379
14475
34995
67763
100531
37043
69811
102579
39091
71859
104627
41139
73907
106675
10419
12467
14515
16563
34999
67767
100535
37047
69815
102583
39095
71863
104631
41143
73911
106679
10423
12471
14519
16567
35003
67771
100539
37051
69819
102587
39099
71867
104635
41147
73915
106683
10427
12475
14523
16571
37091
69859
102627
41187
73955
106723
12515
16611
35047
67815
100583
37095
69863
102631
39143
71911
104679
41191
73959
106727
10471
12519
14567
16615
35051
67819
100587
37099
69867
102635
39147
71915
104683
41195
73963
106731
10475
12523
14571
16619
35055
67823
100591
39151
71919
104687
10479
14575
35095
67863
100631
37143
69911
102679
39191
71959
104727
41239
74007
106775
10519
12567
14615
16663
35099
67867
100635
37147
69915
102683
39195
71963
104731
41243
74011
106779
10523
12571
14619
16667
35103
67871
100639
37151
69919
102687
39199
71967
104735
41247
74015
106783
10527
12575
14623
16671
37191
69959
102727
41287
74055
106823
12615
16711
35147
67915
100683
37195
69963
102731
39243
72011
104779
41291
74059
106827
10571
12619
14667
16715
35151
67919
100687
37199
69967
102735
39247
72015
104783
41295
74063
106831
10575
12623
14671
16719
35155
67923
100691
39251
72019
104787
10579
14675
35195
67963
100731
37243
70011
102779
39291
72059
104827
41339
74107
106875
10619
12667
14715
16763
35199
67967
100735
37247
70015
102783
39295
72063
104831
41343
74111
106879
10623
12671
14719
16767
35203
67971
100739
37251
70019
102787
39299
72067
104835
41347
74115
106883
10627
12675
14723
16771
37291
70059
102827
41387
74155
106923
12715
16811
35247
68015
100783
37295
70063
102831
39343
72111
104879
41391
74159
106927
10671
12719
14767
16815
35251
68019
100787
37299
70067
102835
39347
72115
104883
41395
74163
106931
10675
12723
14771
16819
35255
68023
100791
39351
72119
104887
10679
14775
35295
68063
100831
37343
70111
102879
39391
72159
104927
41439
74207
106975
10719
12767
14815
16863
35299
68067
100835
37347
70115
102883
39395
72163
104931
41443
74211
106979
10723
12771
14819
16867
35303
68071
100839
37351
70119
102887
39399
72167
104935
41447
74215
106983
10727
12775
14823
16871
531
535
579
583
587
631
635
679
683
687
731
735
779
783
787
831
835
879
883
887
931
935
979
983
987
1031
1035
1079
1083
1087
1131
1135
1179
1183
1187
1231
1235
1279
1283
1287
1331
1335
1379
1383
1387
1431
1435
1479
1483
1487
1531
1535
1579
1583
1587
1631
1635
1679
1683
1687
1731
1735
1779
1783
1787
1831
1835
1879
1883
1887
1931
1935
1979
1983
1987
34845
67613
100381
36893
69661
102429
38941
71709
104477
40989
73757
106525
10269
12317
14365
16413
34849
67617
100385
36897
69665
102433
38945
71713
104481
40993
73761
106529
10273
12321
14369
16417
34853
67621
100389
36901
69669
102437
38949
71717
104485
40997
73765
106533
10277
12325
14373
16421
36941
69709
102477
41037
73805
106573
12365
16461
34897
67665
100433
36945
69713
102481
38993
71761
104529
41041
73809
106577
10321
12369
14417
16465
34901
67669
100437
36949
69717
102485
38997
71765
104533
41045
73813
106581
10325
12373
14421
16469
34905
67673
100441
39001
71769
104537
10329
14425
34945
67713
100481
36993
69761
102529
39041
71809
104577
41089
73857
106625
10369
12417
14465
16513
34949
67717
100485
36997
69765
102533
39045
71813
104581
41093
73861
106629
10373
12421
14469
16517
34953
67721
100489
37001
69769
102537
39049
71817
104585
41097
73865
106633
10377
12425
14473
16521
37041
69809
102577
41137
73905
106673
12465
16561
34997
67765
100533
37045
69813
102581
39093
71861
104629
41141
73909
106677
10421
12469
14517
16565
35001
67769
100537
37049
69817
102585
39097
71865
104633
41145
73913
106681
10425
12473
14521
16569
35005
67773
100541
39101
71869
104637
10429
35045
67813
100581
37093
69861
102629
39141
71909
104677
41189
73957
106725
10469
12517
14565
16613
35049
67817
100585
37097
69865
102633
39145
71913
104681
41193
73961
106729
10473
12521
14569
16617
35053
67821
100589
37101
69869
102637
39149
71917
104685
41197
73965
106733
10477
12525
14573
16621
37141
69909
102677
41237
74005
106773
12565
16661
35097
67865
100633
37145
69913
102681
39193
71961
104729
41241
74009
106777
10521
12569
14617
16665
35101
67869
100637
37149
69917
102685
39197
71965
104733
41245
74013
106781
10525
12573
14621
16669
35145
67913
100681
37193
69961
102729
39241
72009
104777
41289
74057
106825
10569
12617
14665
16713
35149
67917
100685
37197
69965
102733
39245
72013
104781
41293
74061
106829
10573
12621
14669
16717
35153
67921
100689
37201
69969
102737
39249
72017
104785
41297
74065
106833
10577
12625
14673
16721
37241
70009
102777
41337
74105
106873
12665
16761
35197
67965
100733
37245
70013
102781
39293
72061
104829
41341
74109
106877
10621
12669
14717
16765
35201
67969
100737
37249
70017
102785
39297
72065
104833
41345
74113
106881
10625
12673
14721
16769
35245
68013
100781
37293
70061
102829
39341
72109
104877
41389
74157
106925
10669
12717
14765
16813
35249
68017
100785
37297
70065
102833
39345
72113
104881
41393
74161
106929
10673
12721
14769
16817
35253
68021
100789
37301
70069
102837
39349
72117
104885
41397
74165
106933
10677
12725
14773
16821
37341
70109
102877
41437
74205
106973
12765
16861
35297
68065
100833
37345
70113
102881
39393
72161
104929
41441
74209
106977
10721
12769
14817
16865
35301
68069
100837
37349
70117
102885
39397
72165
104933
41445
74213
106981
10725
12773
14821
16869
529
533
537
581
585
629
633
637
681
685
729
733
737
781
785
829
833
837
881
885
929
933
937
981
985
1029
1033
1037
1081
1085
1129
1133
1137
1181
1185
1229
1233
1237
1281
1285
1329
1333
1337
1381
1385
1429
1433
1437
1481
1485
1529
1533
1537
1581
1585
1629
1633
1637
1681
1685
1729
1733
1737
1781
1785
1829
1833
1837
1881
1885
1929
1933
1937
1981
1985
34846
67614
100382
36894
69662
102430
38942
71710
104478
40990
73758
106526
10270
12318
14366
16414
34850
67618
100386
36898
69666
102434
38946
71714
104482
40994
73762
106530
10274
12322
14370
16418
34854
67622
100390
36902
69670
102438
38950
71718
104486
40998
73766
106534
10278
12326
14374
16422
34894
67662
100430
36942
69710
102478
38990
71758
104526
41038
73806
106574
10318
12366
14414
16462
34898
67666
100434
36946
69714
102482
38994
71762
104530
41042
73810
106578
10322
12370
14418
16466
34902
67670
100438
36950
69718
102486
38998
71766
104534
41046
73814
106582
10326
12374
14422
16470
34946
67714
100482
36994
69762
102530
39042
71810
104578
41090
73858
106626
10370
12418
14466
16514
34950
67718
100486
36998
69766
102534
39046
71814
104582
41094
73862
106630
10374
12422
14470
16518
34954
67722
100490
37002
69770
102538
39050
71818
104586
41098
73866
106634
10378
12426
14474
16522
34994
67762
100530
37042
69810
102578
39090
71858
104626
41138
73906
106674
10418
12466
14514
16562
34998
67766
100534
37046
69814
102582
39094
71862
104630
41142
73910
106678
10422
12470
14518
16566
35002
67770
100538
37050
69818
102586
39098
71866
104634
41146
73914
106682
10426
12474
14522
16570
35046
67814
100582
37094
69862
102630
39142
71910
104678
41190
73958
106726
10470
12518
14566
16614
35050
67818
100586
37098
69866
102634
39146
71914
104682
41194
73962
106730
10474
12522
14570
16618
35054
67822
100590
37102
69870
102638
39150
71918
104686
41198
73966
106734
10478
12526
14574
16622
35094
67862
100630
37142
69910
102678
39190
71958
104726
41238
74006
106774
10518
12566
14614
16662
35098
67866
100634
37146
69914
102682
39194
71962
104730
41242
74010
106778
10522
12570
14618
16666
35102
67870
100638
37150
69918
102686
39198
71966
104734
41246
74014
106782
10526
12574
14622
16670
35146
67914
100682
37194
69962
102730
39242
72010
104778
41290
74058
106826
10570
12618
14666
16714
35150
67918
100686
37198
69966
102734
39246
72014
104782
41294
74062
106830
10574
12622
14670
16718
35154
67922
100690
37202
69970
102738
39250
72018
104786
41298
74066
106834
10578
12626
14674
16722
35194
67962
100730
37242
70010
102778
39290
72058
104826
41338
74106
106874
10618
12666
14714
16762
35198
67966
100734
37246
70014
102782
39294
72062
104830
41342
74110
106878
10622
12670
14718
16766
35202
67970
100738
37250
70018
102786
39298
72066
104834
41346
74114
106882
10626
12674
14722
16770
35246
68014
100782
37294
70062
102830
39342
72110
104878
41390
74158
106926
10670
12718
14766
16814
35250
68018
100786
37298
70066
102834
39346
72114
104882
41394
74162
106930
10674
12722
14770
16818
35254
68022
100790
37302
70070
102838
39350
72118
104886
41398
74166
106934
10678
12726
14774
16822
35294
68062
100830
37342
70110
102878
39390
72158
104926
41438
74206
106974
10718
12766
14814
16862
35298
68066
100834
37346
70114
102882
39394
72162
104930
41442
74210
106978
10722
12770
14818
16866
35302
68070
100838
37350
70118
102886
39398
72166
104934
41446
74214
106982
10726
12774
14822
16870
530
534
538
578
582
586
630
634
638
678
682
686
730
734
738
778
782
786
830
834
838
878
882
886
930
934
938
978
982
986
1030
1034
1038
1078
1082
1086
1130
1134
1138
1178
1182
1186
1230
1234
1238
1278
1282
1286
1330
1334
1338
1378
1382
1386
1430
1434
1438
1478
1482
1486
1530
1534
1538
1578
1582
1586
1630
1634
1638
1678
1682
1686
1730
1734
1738
1778
1782
1786
1830
1834
1838
1878
1882
1886
1930
1934
1938
1978
1982
1986
34844
67612
100380
36892
69660
102428
38940
71708
104476
40988
73756
106524
10268
12316
14364
16412
34848
67616
100384
36896
69664
102432
38944
71712
104480
40992
73760
106528
10272
12320
14368
16416
34852
67620
100388
36900
69668
102436
38948
71716
104484
40996
73764
106532
10276
12324
14372
16420
34896
67664
100432
36944
69712
102480
38992
71760
104528
41040
73808
106576
10320
12368
14416
16464
34900
67668
100436
36948
69716
102484
38996
71764
104532
41044
73812
106580
10324
12372
14420
16468
34904
67672
100440
36952
69720
102488
39000
71768
104536
41048
73816
106584
10328
12376
14424
16472
34944
67712
100480
36992
69760
102528
39040
71808
104576
41088
73856
106624
10368
12416
14464
16512
34948
67716
100484
36996
69764
102532
39044
71812
104580
41092
73860
106628
10372
12420
14468
16516
34952
67720
100488
37000
69768
102536
39048
71816
104584
41096
73864
106632
10376
12424
14472
16520
34996
67764
100532
37044
69812
102580
39092
71860
104628
41140
73908
106676
10420
12468
14516
16564
35000
67768
100536
37048
69816
102584
39096
71864
104632
41144
73912
106680
10424
12472
14520
16568
35004
67772
100540
37052
69820
102588
39100
71868
104636
41148
73916
106684
10428
12476
14524
16572
35044
67812
100580
37092
69860
102628
39140
71908
104676
41188
73956
106724
10468
12516
14564
16612
35048
67816
100584
37096
69864
102632
39144
71912
104680
41192
73960
106728
10472
12520
14568
16616
35052
67820
100588
37100
69868
102636
39148
71916
104684
41196
73964
106732
10476
12524
14572
16620
35096
67864
100632
37144
69912
102680
39192
71960
104728
41240
74008
106776
10520
12568
14616
16664
35100
67868
100636
37148
69916
102684
39196
71964
104732
41244
74012
106780
10524
12572
14620
16668
35104
67872
100640
37152
69920
102688
39200
71968
104736
41248
74016
106784
10528
12576
14624
16672
35144
67912
100680
37192
69960
102728
39240
72008
104776
41288
74056
106824
10568
12616
14664
16712
35148
67916
100684
37196
69964
102732
39244
72012
104780
41292
74060
106828
10572
12620
14668
16716
35152
67920
100688
37200
69968
102736
39248
72016
104784
41296
74064
106832
10576
12624
14672
16720
35196
67964
100732
37244
70012
102780
39292
72060
104828
41340
74108
106876
10620
12668
14716
16764
35200
67968
100736
37248
70016
102784
39296
72064
104832
41344
74112
106880
10624
12672
14720
16768
35204
67972
100740
37252
70020
102788
39300
72068
104836
41348
74116
106884
10628
12676
14724
16772
35244
68012
100780
37292
70060
102828
39340
72108
104876
41388
74156
106924
10668
12716
14764
16812
35248
68016
100784
37296
70064
102832
39344
72112
104880
41392
74160
106928
10672
12720
14768
16816
35252
68020
100788
37300
70068
102836
39348
72116
104884
41396
74164
106932
10676
12724
14772
16820
35296
68064
100832
37344
70112
102880
39392
72160
104928
41440
74208
106976
10720
12768
14816
16864
35300
68068
100836
37348
70116
102884
39396
72164
104932
41444
74212
106980
10724
12772
14820
16868
35304
68072
100840
37352
70120
102888
39400
72168
104936
41448
74216
106984
10728
12776
14824
16872
528
532
536
580
584
588
628
632
636
680
684
688
728
732
736
780
784
788
828
832
836
880
884
888
928
932
936
980
984
988
1028
1032
1036
1080
1084
1088
1128
1132
1136
1180
1184
1188
1228
1232
1236
1280
1284
1288
1328
1332
1336
1380
1384
1388
1428
1432
1436
1480
1484
1488
1528
1532
1536
1580
1584
1588
1628
1632
1636
1680
1684
1688
1728
1732
1736
1780
1784
1788
1828
1832
1836
1880
1884
1888
1928
1932
1936
1980
1984
1988
34856
67624
100392
36904
69672
102440
38952
71720
104488
41000
73768
106536
10280
12328
14376
16424
34860
67628
100396
36908
69676
102444
38956
71724
104492
41004
73772
106540
10284
12332
14380
16428
34864
67632
100400
36912
69680
102448
38960
71728
104496
41008
73776
106544
10288
12336
14384
16432
34908
67676
100444
36956
69724
102492
39004
71772
104540
41052
73820
106588
10332
12380
14428
16476
34912
67680
100448
36960
69728
102496
39008
71776
104544
41056
73824
106592
10336
12384
14432
16480
34916
67684
100452
36964
69732
102500
39012
71780
104548
41060
73828
106596
10340
12388
14436
16484
34956
67724
100492
37004
69772
102540
39052
71820
104588
41100
73868
106636
10380
12428
14476
16524
34960
67728
100496
37008
69776
102544
39056
71824
104592
41104
73872
106640
10384
12432
14480
16528
34964
67732
100500
37012
69780
102548
39060
71828
104596
41108
73876
106644
10388
12436
14484
16532
35008
67776
100544
37056
69824
102592
39104
71872
104640
41152
73920
106688
10432
12480
14528
16576
35012
67780
100548
37060
69828
102596
39108
71876
104644
41156
73924
106692
10436
12484
14532
16580
35016
67784
100552
37064
69832
102600
39112
71880
104648
41160
73928
106696
10440
12488
14536
16584
35056
67824
100592
37104
69872
102640
39152
71920
104688
41200
73968
106736
10480
12528
14576
16624
35060
67828
100596
37108
69876
102644
39156
71924
104692
41204
73972
106740
10484
12532
14580
16628
35064
67832
100600
37112
69880
102648
39160
71928
104696
41208
73976
106744
10488
12536
14584
16632
35108
67876
100644
37156
69924
102692
39204
71972
104740
41252
74020
106788
10532
12580
14628
16676
35112
67880
100648
37160
69928
102696
39208
71976
104744
41256
74024
106792
10536
12584
14632
16680
35116
67884
100652
37164
69932
102700
39212
71980
104748
41260
74028
106796
10540
12588
14636
16684
35156
67924
100692
37204
69972
102740
39252
72020
104788
41300
74068
106836
10580
12628
14676
16724
35160
67928
100696
37208
69976
102744
39256
72024
104792
41304
74072
106840
10584
12632
14680
16728
35164
67932
100700
37212
69980
102748
39260
72028
104796
41308
74076
106844
10588
12636
14684
16732
35208
67976
100744
37256
70024
102792
39304
72072
104840
41352
74120
106888
10632
12680
14728
16776
35212
67980
100748
37260
70028
102796
39308
72076
104844
41356
74124
106892
10636
12684
14732
16780
35216
67984
100752
37264
70032
102800
39312
72080
104848
41360
74128
106896
10640
12688
14736
16784
35256
68024
100792
37304
70072
102840
39352
72120
104888
41400
74168
106936
10680
12728
14776
16824
35260
68028
100796
37308
70076
102844
39356
72124
104892
41404
74172
106940
10684
12732
14780
16828
35264
68032
100800
37312
70080
102848
39360
72128
104896
41408
74176
106944
10688
12736
14784
16832
35308
68076
100844
37356
70124
102892
39404
72172
104940
41452
74220
106988
10732
12780
14828
16876
35312
68080
100848
37360
70128
102896
39408
72176
104944
41456
74224
106992
10736
12784
14832
16880
35316
68084
100852
37364
70132
102900
39412
72180
104948
41460
74228
106996
10740
12788
14836
16884
540
544
548
592
596
600
640
644
648
692
696
700
740
744
748
792
796
800
840
844
848
892
896
900
940
944
948
992
996
1000
1040
1044
1048
1092
1096
1100
1140
1144
1148
1192
1196
1200
1240
1244
1248
1292
1296
1300
1340
1344
1348
1392
1396
1400
1440
1444
1448
1492
1496
1500
1540
1544
1548
1592
1596
1600
1640
1644
1648
1692
1696
1700
1740
1744
1748
1792
1796
1800
1840
1844
1848
1892
1896
1900
1940
1944
1948
1992
1996
2000
34857
67625
100393
36905
69673
102441
38953
71721
104489
41001
73769
106537
10281
12329
14377
16425
34861
67629
100397
36909
69677
102445
38957
71725
104493
41005
73773
106541
10285
12333
14381
16429
34865
67633
100401
36913
69681
102449
38961
71729
104497
41009
73777
106545
10289
12337
14385
16433
36953
69721
102489
41049
73817
106585
12377
16473
34909
67677
100445
36957
69725
102493
39005
71773
104541
41053
73821
106589
10333
12381
14429
16477
34913
67681
100449
36961
69729
102497
39009
71777
104545
41057
73825
106593
10337
12385
14433
16481
34957
67725
100493
37005
69773
102541
39053
71821
104589
41101
73869
106637
10381
12429
14477
16525
34961
67729
100497
37009
69777
102545
39057
71825
104593
41105
73873
106641
10385
12433
14481
16529
34965
67733
100501
37013
69781
102549
39061
71829
104597
41109
73877
106645
10389
12437
14485
16533
37053
69821
102589
41149
73917
106685
12477
14525
16573
35009
67777
100545
37057
69825
102593
39105
71873
104641
41153
73921
106689
10433
12481
14529
16577
35013
67781
100549
37061
69829
102597
39109
71877
104645
41157
73925
106693
10437
12485
14533
16581
35057
67825
100593
37105
69873
102641
39153
71921
104689
41201
73969
106737
10481
12529
14577
16625
35061
67829
100597
37109
69877
102645
39157
71925
104693
41205
73973
106741
10485
12533
14581
16629
35065
67833
100601
37113
69881
102649
39161
71929
104697
41209
73977
106745
10489
12537
14585
16633
35105
67873
100641
37153
69921
102689
39201
71969
104737
41249
74017
106785
10529
12577
14625
16673
35109
67877
100645
37157
69925
102693
39205
71973
104741
41253
74021
106789
10533
12581
14629
16677
35113
67881
100649
37161
69929
102697
39209
71977
104745
41257
74025
106793
10537
12585
14633
16681
35157
67925
100693
37205
69973
102741
39253
72021
104789
41301
74069
106837
10581
12629
14677
16725
35161
67929
100697
37209
69977
102745
39257
72025
104793
41305
74073
106841
10585
12633
14681
16729
35165
67933
100701
37213
69981
102749
39261
72029
104797
41309
74077
106845
10589
12637
14685
16733
35205
67973
100741
37253
70021
102789
39301
72069
104837
41349
74117
106885
10629
12677
14725
16773
35209
67977
100745
37257
70025
102793
39305
72073
104841
41353
74121
106889
10633
12681
14729
16777
35213
67981
100749
37261
70029
102797
39309
72077
104845
41357
74125
106893
10637
12685
14733
16781
35257
68025
100793
37305
70073
102841
39353
72121
104889
41401
74169
106937
10681
12729
14777
16825
35261
68029
100797
37309
70077
102845
39357
72125
104893
41405
74173
106941
10685
12733
14781
16829
35265
68033
100801
37313
70081
102849
39361
72129
104897
41409
74177
106945
10689
12737
14785
16833
35305
68073
100841
37353
70121
102889
39401
72169
104937
41449
74217
106985
10729
12777
14825
16873
35309
68077
100845
37357
70125
102893
39405
72173
104941
41453
74221
106989
10733
12781
14829
16877
35313
68081
100849
37361
70129
102897
39409
72177
104945
41457
74225
106993
10737
12785
14833
16881
541
545
549
589
593
597
641
645
649
689
693
697
741
745
749
789
793
797
841
845
849
889
893
897
941
945
949
989
993
997
1041
1045
1049
1089
1093
1097
1141
1145
1149
1189
1193
1197
1241
1245
1249
1289
1293
1297
1341
1345
1349
1389
1393
1397
1441
1445
1449
1489
1493
1497
1541
1545
1549
1589
1593
1597
1641
1645
1649
1689
1693
1697
1741
1745
1749
1789
1793
1797
1841
1845
1849
1889
1893
1897
1941
1945
1949
1989
1993
1997
34858
67626
100394
36906
69674
102442
38954
71722
104490
41002
73770
106538
10282
12330
14378
16426
34862
67630
100398
36910
69678
102446
38958
71726
104494
41006
73774
106542
10286
12334
14382
16430
34866
67634
100402
36914
69682
102450
38962
71730
104498
41010
73778
106546
10290
12338
14386
16434
34906
67674
100442
36954
69722
102490
39002
71770
104538
41050
73818
106586
10330
12378
14426
16474
34910
67678
100446
36958
69726
102494
39006
71774
104542
41054
73822
106590
10334
12382
14430
16478
34914
67682
100450
36962
69730
102498
39010
71778
104546
41058
73826
106594
10338
12386
14434
16482
34958
67726
100494
37006
69774
102542
39054
71822
104590
41102
73870
106638
10382
12430
14478
16526
34962
67730
100498
37010
69778
102546
39058
71826
104594
41106
73874
106642
10386
12434
14482
16530
34966
67734
100502
37014
69782
102550
39062
71830
104598
41110
73878
106646
10390
12438
14486
16534
35006
67774
100542
37054
69822
102590
39102
71870
104638
41150
73918
106686
10430
12478
14526
16574
35010
67778
100546
37058
69826
102594
39106
71874
104642
41154
73922
106690
10434
12482
14530
16578
35014
67782
100550
37062
69830
102598
39110
71878
104646
41158
73926
106694
10438
12486
14534
16582
35058
67826
100594
37106
69874
102642
39154
71922
104690
41202
73970
106738
10482
12530
14578
16626
35062
67830
100598
37110
69878
102646
39158
71926
104694
41206
73974
106742
10486
12534
14582
16630
35066
67834
100602
37114
69882
102650
39162
71930
104698
41210
73978
106746
10490
12538
14586
16634
35106
67874
100642
37154
69922
102690
39202
71970
104738
41250
74018
106786
10530
12578
14626
16674
35110
67878
100646
37158
69926
102694
39206
71974
104742
41254
74022
106790
10534
12582
14630
16678
35114
67882
100650
37162
69930
102698
39210
71978
104746
41258
74026
106794
10538
12586
14634
16682
35158
67926
100694
37206
69974
102742
39254
72022
104790
41302
74070
106838
10582
12630
14678
16726
35162
67930
100698
37210
69978
102746
39258
72026
104794
41306
74074
106842
10586
12634
14682
16730
35166
67934
100702
37214
69982
102750
39262
72030
104798
41310
74078
106846
10590
12638
14686
16734
35206
67974
100742
37254
70022
102790
39302
72070
104838
41350
74118
106886
10630
12678
14726
16774
35210
67978
100746
37258
70026
102794
39306
72074
104842
41354
74122
106890
10634
12682
14730
16778
35214
67982
100750
37262
70030
102798
39310
72078
104846
41358
74126
106894
10638
12686
14734
16782
35258
68026
100794
37306
70074
102842
39354
72122
104890
41402
74170
106938
10682
12730
14778
16826
35262
68030
100798
37310
70078
102846
39358
72126
104894
41406
74174
106942
10686
12734
14782
16830
35266
68034
100802
37314
70082
102850
39362
72130
104898
41410
74178
106946
10690
12738
14786
16834
35306
68074
100842
37354
70122
102890
39402
72170
104938
41450
74218
106986
10730
12778
14826
16874
35310
68078
100846
37358
70126
102894
39406
72174
104942
41454
74222
106990
10734
12782
14830
16878
35314
68082
100850
37362
70130
102898
39410
72178
104946
41458
74226
106994
10738
12786
14834
16882
542
546
550
590
594
598
642
646
650
690
694
698
742
746
750
790
794
798
842
846
850
890
894
898
942
946
950
990
994
998
1042
1046
1050
1090
1094
1098
1142
1146
1150
1190
1194
1198
1242
1246
1250
1290
1294
1298
1342
1346
1350
1390
1394
1398
1442
1446
1450
1490
1494
1498
1542
1546
1550
1590
1594
1598
1642
1646
1650
1690
1694
1698
1742
1746
1750
1790
1794
1798
1842
1846
1850
1890
1894
1898
1942
1946
1950
1990
1994
1998
36903
69671
102439
40999
73767
106535
12327
16423
34859
67627
100395
36907
69675
102443
38955
71723
104491
41003
73771
106539
10283
12331
14379
16427
34863
67631
100399
36911
69679
102447
38959
71727
104495
41007
73775
106543
10287
12335
14383
16431
34907
67675
100443
36955
69723
102491
39003
71771
104539
41051
73819
106587
10331
12379
14427
16475
34911
67679
100447
36959
69727
102495
39007
71775
104543
41055
73823
106591
10335
12383
14431
16479
34915
67683
100451
36963
69731
102499
39011
71779
104547
41059
73827
106595
10339
12387
14435
16483
37003
69771
102539
41099
73867
106635
12427
16523
34959
67727
100495
37007
69775
102543
39055
71823
104591
41103
73871
106639
10383
12431
14479
16527
34963
67731
100499
37011
69779
102547
39059
71827
104595
41107
73875
106643
10387
12435
14483
16531
35007
67775
100543
37055
69823
102591
39103
71871
104639
41151
73919
106687
10431
12479
14527
16575
35011
67779
100547
37059
69827
102595
39107
71875
104643
41155
73923
106691
10435
12483
14531
16579
35015
67783
100551
37063
69831
102599
39111
71879
104647
41159
73927
106695
10439
12487
14535
16583
37103
69871
102639
41199
73967
106735
12527
16623
35059
67827
100595
37107
69875
102643
39155
71923
104691
41203
73971
106739
10483
12531
14579
16627
35063
67831
100599
37111
69879
102647
39159
71927
104695
41207
73975
106743
10487
12535
14583
16631
35107
67875
100643
37155
69923
102691
39203
71971
104739
41251
74019
106787
10531
12579
14627
16675
35111
67879
100647
37159
69927
102695
39207
71975
104743
41255
74023
106791
10535
12583
14631
16679
35115
67883
100651
37163
69931
102699
39211
71979
104747
41259
74027
106795
10539
12587
14635
16683
37203
69971
102739
41299
74067
106835
12627
16723
35159
67927
100695
37207
69975
102743
39255
72023
104791
41303
74071
106839
10583
12631
14679
16727
35163
67931
100699
37211
69979
102747
39259
72027
104795
41307
74075
106843
10587
12635
14683
16731
35207
67975
100743
37255
70023
102791
39303
72071
104839
41351
74119
106887
10631
12679
14727
16775
35211
67979
100747
37259
70027
102795
39307
72075
104843
41355
74123
106891
10635
12683
14731
16779
35215
67983
100751
37263
70031
102799
39311
72079
104847
41359
74127
106895
10639
12687
14735
16783
37303
70071
102839
41399
74167
106935
12727
16823
35259
68027
100795
37307
70075
102843
39355
72123
104891
41403
74171
106939
10683
12731
14779
16827
35263
68031
100799
37311
70079
102847
39359
72127
104895
41407
74175
106943
10687
12735
14783
16831
35307
68075
100843
37355
70123
102891
39403
72171
104939
41451
74219
106987
10731
12779
14827
16875
35311
68079
100847
37359
70127
102895
39407
72175
104943
41455
74223
106991
10735
12783
14831
16879
35315
68083
100851
37363
70131
102899
39411
72179
104947
41459
74227
106995
10739
12787
14835
16883
539
543
547
591
595
599
639
643
647
691
695
699
739
743
747
791
795
799
839
843
847
891
895
899
939
943
947
991
995
999
1039
1043
1047
1091
1095
1099
1139
1143
1147
1191
1195
1199
1239
1243
1247
1291
1295
1299
1339
1343
1347
1391
1395
1399
1439
1443
1447
1491
1495
1499
1539
1543
1547
1591
1595
1599
1639
1643
1647
1691
1695
1699
1739
1743
1747
1791
1795
1799
1839
1843
1847
1891
1895
1899
1939
1943
1947
1991
1995
1999
