TITLE = "cavity_20000"
 VARIABLES = "X", "Y", "nrho", "U", "V","Temperature"
 ZONE  F=POINT
0.0125 0.0125 2.09353e+21 -5.14801 2.75336 272.001 
0.1125 0.0125 2.03803e+21 -2.90742 23.4114 270.83 
0.2125 0.0125 2.06863e+21 0.328968 39.7394 273.848 
0.3125 0.0125 2.07387e+21 5.00843 35.9948 273.367 
0.4125 0.0125 2.09322e+21 -0.368366 20.1836 271.235 
0.0125 0.0375 2.08129e+21 -4.63294 0.707627 273.858 
0.1125 0.0375 2.06557e+21 -4.23648 24.8538 269.485 
0.2125 0.0375 2.05997e+21 -1.86562 36.5992 275.87 
0.3125 0.0375 2.10245e+21 5.51097 34.8886 275.942 
0.4125 0.0375 2.07071e+21 7.48953 19.8534 271.942 
0.0125 0.0625 2.07812e+21 -13.085 1.56801 273.588 
0.1125 0.0625 2.06536e+21 -7.31727 25.4372 275.407 
0.2125 0.0625 2.07543e+21 -3.58216 36.5722 274.839 
0.3125 0.0625 2.07133e+21 5.342 36.1152 273.953 
0.4125 0.0625 2.07973e+21 10.957 22.2389 272.906 
0.0125 0.0875 2.07895e+21 -19.7434 1.06589 272.496 
0.1125 0.0875 2.0829e+21 -13.788 23.8065 273.667 
0.2125 0.0875 2.08424e+21 -5.19321 34.1923 277.024 
0.3125 0.0875 2.06256e+21 9.74442 30.7841 275.199 
0.4125 0.0875 2.09768e+21 14.5543 17.3008 271.945 
0.0125 0.1125 2.07097e+21 -24.795 -0.268313 271.363 
0.1125 0.1125 2.08492e+21 -17.9852 21.3616 274.409 
0.2125 0.1125 2.06733e+21 -5.45124 30.287 275.495 
0.3125 0.1125 2.06931e+21 10.7653 27.4566 274.028 
0.4125 0.1125 2.08009e+21 25.9201 14.552 274.189 
0.0125 0.1375 2.06085e+21 -27.6182 -1.34509 273.681 
0.1125 0.1375 2.08544e+21 -20.3467 15.5753 274.407 
0.2125 0.1375 2.07548e+21 -9.22109 24.8137 277.499 
0.3125 0.1375 2.08295e+21 13.1535 22.7642 277.874 
0.4125 0.1375 2.09685e+21 28.1961 13.9308 276.944 
0.0125 0.1625 2.07574e+21 -33.5119 -0.635264 277.291 
0.1125 0.1625 2.07112e+21 -28.3525 15.6069 275.171 
0.2125 0.1625 2.09814e+21 -11.5405 23.9663 277.223 
0.3125 0.1625 2.06962e+21 14.708 20.4632 277.578 
0.4125 0.1625 2.07781e+21 33.2014 10.7437 274.434 
0.0125 0.1875 2.07304e+21 -35.8628 2.16638 274.862 
0.1125 0.1875 2.08596e+21 -28.4492 10.6135 274.928 
0.2125 0.1875 2.10878e+21 -10.7287 15.1918 278.129 
0.3125 0.1875 2.08103e+21 17.0611 16.2752 276.234 
0.4125 0.1875 2.06474e+21 34.8342 10.3371 275.823 
0.0125 0.2125 2.07351e+21 -38.9332 2.938 276.098 
0.1125 0.2125 2.05987e+21 -31.7811 7.6519 275.036 
0.2125 0.2125 2.09342e+21 -9.88626 7.95712 280.459 
0.3125 0.2125 2.07122e+21 15.5564 6.48542 277.783 
0.4125 0.2125 2.06536e+21 36.5626 6.12999 276.571 
0.0125 0.2375 2.07802e+21 -40.7967 -0.487478 274.047 
0.1125 0.2375 2.0817e+21 -32.7908 1.88202 274.07 
0.2125 0.2375 2.09358e+21 -10.0136 2.59936 280.469 
0.3125 0.2375 2.10178e+21 19.9545 3.6505 274.583 
0.4125 0.2375 2.0859e+21 36.3332 4.09591 277.563 
0.0125 0.2625 2.05821e+21 -41.7082 1.12829 274.305 
0.1125 0.2625 2.07055e+21 -32.8987 -2.27208 274.989 
0.2125 0.2625 2.08876e+21 -12.1018 -3.58604 279.461 
0.3125 0.2625 2.09415e+21 20.4789 -8.62299 277.169 
0.4125 0.2625 2.07148e+21 38.6078 1.14979 275.48 
0.0125 0.2875 2.06988e+21 -39.8298 2.34347 273.045 
0.1125 0.2875 2.08129e+21 -33.1594 -7.77761 273.81 
0.2125 0.2875 2.11874e+21 -11.6918 -11.6843 278.05 
0.3125 0.2875 2.08658e+21 17.425 -12.7787 280.038 
0.4125 0.2875 2.0649e+21 37.6614 -4.7766 276.474 
0.0125 0.3125 2.04493e+21 -38.1785 1.46237 273.177 
0.1125 0.3125 2.07937e+21 -32.3869 -12.5971 273.596 
0.2125 0.3125 2.08378e+21 -8.6208 -17.3886 277.054 
0.3125 0.3125 2.07833e+21 16.5146 -18.6912 274.019 
0.4125 0.3125 2.08051e+21 36.2732 -8.54819 273.902 
0.0125 0.3375 2.05354e+21 -33.3918 2.37251 273.056 
0.1125 0.3375 2.06796e+21 -26.8638 -15.1899 272.105 
0.2125 0.3375 2.10375e+21 -9.86157 -29.9693 279.755 
0.3125 0.3375 2.07382e+21 14.0675 -25.8059 273.223 
0.4125 0.3375 2.09327e+21 32.8193 -13.5678 272.186 
0.0125 0.3625 2.07543e+21 -31.8252 4.6112 273.138 
0.1125 0.3625 2.06106e+21 -21.5892 -18.1354 273.015 
0.2125 0.3625 2.09145e+21 -10.9072 -33.8798 278.023 
0.3125 0.3625 2.09088e+21 12.6284 -30.0483 275.681 
0.4125 0.3625 2.08839e+21 32.9197 -14.9853 272.108 
0.0125 0.3875 2.06791e+21 -26.3873 0.855868 272.173 
0.1125 0.3875 2.06095e+21 -18.7017 -18.2587 273.135 
0.2125 0.3875 2.08248e+21 -6.34144 -38.6659 277.379 
0.3125 0.3875 2.08865e+21 13.8669 -35.9281 275.684 
0.4125 0.3875 2.06018e+21 27.9177 -18.8312 271.235 
0.0125 0.4125 2.0608e+21 -16.4058 -2.51706 273.134 
0.1125 0.4125 2.0525e+21 -12.4274 -23.6802 272.691 
0.2125 0.4125 2.05271e+21 -3.88569 -42.5191 273.652 
0.3125 0.4125 2.0873e+21 9.089 -39.346 275.816 
0.4125 0.4125 2.0623e+21 23.0473 -21.3468 273.949 
0.0125 0.4375 2.08907e+21 -12.8539 -1.71322 270.697 
0.1125 0.4375 2.07698e+21 -10.7634 -24.2004 270.759 
0.2125 0.4375 2.04643e+21 0.597942 -45.0309 273.278 
0.3125 0.4375 2.08398e+21 6.24562 -41.5418 276.432 
0.4125 0.4375 2.06137e+21 17.5672 -23.3536 270.703 
0.0125 0.4625 2.07947e+21 -8.93439 -0.871219 269.611 
0.1125 0.4625 2.06723e+21 -6.30136 -26.0543 270.761 
0.2125 0.4625 2.04327e+21 -0.628358 -45.1092 273.633 
0.3125 0.4625 2.06438e+21 4.71416 -43.6254 273.411 
0.4125 0.4625 2.06194e+21 8.53074 -23.6928 271.864 
0.0125 0.4875 2.08632e+21 -1.98068 -2.31247 269.726 
0.1125 0.4875 2.07563e+21 -2.82263 -25.7852 272.658 
0.2125 0.4875 2.03471e+21 2.35296 -44.4044 272.505 
0.3125 0.4875 2.0677e+21 1.20025 -43.4064 272.224 
0.4125 0.4875 2.07906e+21 2.02518 -22.5853 271.15 
0.0375 0.0125 2.08928e+21 -1.38557 6.88115 273.043 
0.1375 0.0125 2.05297e+21 -2.44968 25.6639 272.294 
0.2375 0.0125 2.04265e+21 -0.170019 40.6778 274.68 
0.3375 0.0125 2.07024e+21 3.54715 32.846 272.452 
0.4375 0.0125 2.10385e+21 0.448782 14.7108 270.272 
0.0375 0.0375 2.08207e+21 -5.31813 5.70663 271.366 
0.1375 0.0375 2.0678e+21 -3.93131 27.7458 274.28 
0.2375 0.0375 2.06324e+21 -1.43015 39.0571 276.721 
0.3375 0.0375 2.0706e+21 4.70107 31.9623 275.294 
0.4375 0.0375 2.06951e+21 4.36574 15.8616 272.548 
0.0375 0.0625 2.06998e+21 -13.1663 4.03157 273.447 
0.1375 0.0625 2.06313e+21 -9.10989 28.815 273.511 
0.2375 0.0625 2.0788e+21 -0.79878 34.079 275.779 
0.3375 0.0625 2.08118e+21 6.77146 32.0929 271.679 
0.4375 0.0625 2.05426e+21 14.0832 15.9809 273.06 
0.0375 0.0875 2.10006e+21 -19.6049 5.36205 273.364 
0.1375 0.0875 2.06988e+21 -12.3616 29.658 276.287 
0.2375 0.0875 2.0719e+21 -3.04856 35.4643 278.619 
0.3375 0.0875 2.08668e+21 13.3341 27.5482 274.394 
0.4375 0.0875 2.08513e+21 18.6255 14.4619 273.613 
0.0375 0.1125 2.07366e+21 -22.7576 5.05658 274.991 
0.1375 0.1125 2.06319e+21 -16.7564 25.5259 275.42 
0.2375 0.1125 2.07652e+21 -5.38111 32.0498 276.388 
0.3375 0.1125 2.07677e+21 15.1192 24.6676 275.882 
0.4375 0.1125 2.07735e+21 24.8414 12.4539 271.996 
0.0375 0.1375 2.07356e+21 -30.2873 2.02101 275.174 
0.1375 0.1375 2.06837e+21 -22.655 20.3369 273.869 
0.2375 0.1375 2.10017e+21 -1.9497 24.2378 277.606 
0.3375 0.1375 2.09265e+21 17.3638 24.7456 277.693 
0.4375 0.1375 2.06687e+21 28.6977 10.6478 274.615 
0.0375 0.1625 2.06941e+21 -30.4565 1.46276 273.067 
0.1375 0.1625 2.08077e+21 -25.1699 18.9834 276.629 
0.2375 0.1625 2.09031e+21 1.66313 22.2029 275.805 
0.3375 0.1625 2.08653e+21 22.0813 21.4578 277.468 
0.4375 0.1625 2.07652e+21 32.5582 7.58511 275.338 
0.0375 0.1875 2.06723e+21 -34.861 2.5841 271.274 
0.1375 0.1875 2.06759e+21 -26.2682 14.8175 277.345 
0.2375 0.1875 2.08953e+21 -3.92474 14.5274 278.02 
0.3375 0.1875 2.07698e+21 21.0831 13.3466 276.231 
0.4375 0.1875 2.07086e+21 37.4632 7.91113 273.153 
0.0375 0.2125 2.0663e+21 -38.6551 -0.924188 272.34 
0.1375 0.2125 2.07989e+21 -31.552 8.5846 277.634 
0.2375 0.2125 2.10883e+21 -3.33835 9.23997 278.052 
0.3375 0.2125 2.08347e+21 22.9513 6.10022 276.526 
0.4375 0.2125 2.04373e+21 36.7574 5.49634 273.597 
0.0375 0.2375 2.07418e+21 -39.5755 0.400904 272.987 
0.1375 0.2375 2.06625e+21 -28.2985 2.04251 275.642 
0.2375 0.2375 2.09566e+21 -4.6546 0.760221 277.475 
0.3375 0.2375 2.07843e+21 21.9013 0.591785 277.151 
0.4375 0.2375 2.06889e+21 37.0695 3.69459 276.494 
0.0375 0.2625 2.07294e+21 -42.1674 -0.254528 273.591 
0.1375 0.2625 2.09078e+21 -30.9903 -1.41121 274.127 
0.2375 0.2625 2.09814e+21 -5.01831 -8.36363 280.077 
0.3375 0.2625 2.10997e+21 22.8133 -4.34802 274.906 
0.4375 0.2625 2.08035e+21 42.7503 -2.05303 276.163 
0.0375 0.2875 2.07263e+21 -42.2197 0.84323 272.317 
0.1375 0.2875 2.08559e+21 -28.932 -7.65961 275.247 
0.2375 0.2875 2.07792e+21 -1.66905 -14.7969 279.651 
0.3375 0.2875 2.09659e+21 20.508 -10.1067 279.374 
0.4375 0.2875 2.06806e+21 38.8518 -4.43149 276.015 
0.0375 0.3125 2.0788e+21 -38.6229 -0.969323 273.986 
0.1375 0.3125 2.0663e+21 -27.9278 -14.8018 275.917 
0.2375 0.3125 2.09394e+21 -5.65415 -21.338 277.235 
0.3375 0.3125 2.07735e+21 20.5759 -15.3677 276.556 
0.4375 0.3125 2.06474e+21 39.713 -3.04714 273.289 
0.0375 0.3375 2.06391e+21 -35.7671 -1.06475 273.796 
0.1375 0.3375 2.07138e+21 -24.226 -18.6125 274.036 
0.2375 0.3375 2.0775e+21 -4.53506 -27.6632 278.695 
0.3375 0.3375 2.10022e+21 21.5003 -22.3395 275.127 
0.4375 0.3375 2.08025e+21 37.1158 -8.11561 272.659 
0.0375 0.3625 2.06842e+21 -31.7647 -2.29346 276.214 
0.1375 0.3625 2.07786e+21 -22.6948 -20.6379 272.252 
0.2375 0.3625 2.08424e+21 -3.04924 -34.6991 278.881 
0.3375 0.3625 2.08824e+21 17.5515 -31.3569 273.218 
0.4375 0.3625 2.07097e+21 35.2735 -9.53462 275.215 
0.0375 0.3875 2.05878e+21 -25.2965 -5.16468 273.987 
0.1375 0.3875 2.06272e+21 -19.0908 -25.6678 274.674 
0.2375 0.3875 2.03912e+21 -5.9439 -42.2666 273.781 
0.3375 0.3875 2.06121e+21 18.2576 -29.5759 273.262 
0.4375 0.3875 2.07449e+21 28.0153 -10.408 270.453 
0.0375 0.4125 2.07714e+21 -18.8905 -5.29317 273.641 
0.1375 0.4125 2.05224e+21 -10.9953 -28.0483 271.739 
0.2375 0.4125 2.06121e+21 -2.22592 -45.2378 272.632 
0.3375 0.4125 2.09576e+21 12.5839 -33.5296 274.571 
0.4375 0.4125 2.04918e+21 24.6909 -14.0627 271.738 
0.0375 0.4375 2.05712e+21 -15.017 -8.3987 271.934 
0.1375 0.4375 2.05789e+21 -6.27237 -27.7345 274.993 
0.2375 0.4375 2.05478e+21 2.10683 -45.8593 273.401 
0.3375 0.4375 2.09752e+21 8.79742 -38.094 274.668 
0.4375 0.4375 2.08497e+21 17.6152 -14.7262 271.839 
0.0375 0.4625 2.05976e+21 -7.25586 -7.58823 271.374 
0.1375 0.4625 2.07548e+21 -3.56291 -29.2144 273.817 
0.2375 0.4625 2.06101e+21 -0.0319637 -44.8927 276.083 
0.3375 0.4625 2.09239e+21 4.61334 -39.9414 274.323 
0.4375 0.4625 2.06858e+21 9.27326 -16.0244 271.88 
0.0375 0.4875 2.06972e+21 -2.09102 -8.61944 269.096 
0.1375 0.4875 2.10032e+21 -1.86204 -31.8141 271.132 
0.2375 0.4875 2.04202e+21 0.146323 -43.4664 275.802 
0.3375 0.4875 2.05234e+21 0.488578 -39.1362 272.818 
0.4375 0.4875 2.07657e+21 3.15684 -18.3561 270.34 
0.0625 0.0125 2.06972e+21 -3.41103 8.77606 272.884 
0.1625 0.0125 2.06645e+21 -1.3812 32.2896 271.49 
0.2625 0.0125 2.06287e+21 0.909682 41.3858 276.302 
0.3625 0.0125 2.09524e+21 4.6802 31.502 273.715 
0.4625 0.0125 2.0885e+21 -1.33598 10.7106 273.42 
0.0625 0.0375 2.06474e+21 -6.94058 10.9736 270.076 
0.1625 0.0375 2.05603e+21 -3.18056 33.3501 274.091 
0.2625 0.0375 2.06526e+21 0.769357 37.9502 274.468 
0.3625 0.0375 2.07174e+21 7.92755 31.0641 273.553 
0.4625 0.0375 2.07537e+21 7.65573 11.4716 273.598 
0.0625 0.0625 2.0607e+21 -12.4083 8.16776 273.178 
0.1625 0.0625 2.04949e+21 -9.53546 31.2986 273.706 
0.2625 0.0625 2.0732e+21 3.42402 36.936 273.535 
0.3625 0.0625 2.08497e+21 11.0707 29.0249 273.16 
0.4625 0.0625 2.08689e+21 14.9192 11.0788 273.784 
0.0625 0.0875 2.06775e+21 -18.1783 10.354 272.744 
0.1625 0.0875 2.07921e+21 -11.4215 30.1992 277.409 
0.2625 0.0875 2.08466e+21 2.17521 32.836 275.281 
0.3625 0.0875 2.09394e+21 14.5405 25.0459 271.491 
0.4625 0.0875 2.07766e+21 21.4204 12.3846 274.849 
0.0625 0.1125 2.0788e+21 -23.2971 6.91331 275.968 
0.1625 0.1125 2.06386e+21 -14.3344 25.8906 277.906 
0.2625 0.1125 2.08424e+21 2.5125 30.894 275.986 
0.3625 0.1125 2.07569e+21 17.9801 23.5281 273.615 
0.4625 0.1125 2.05162e+21 23.1305 6.34646 272.62 
0.0625 0.1375 2.08269e+21 -28.7569 6.92114 275.227 
0.1625 0.1375 2.09566e+21 -18.2335 24.3674 274.421 
0.2625 0.1375 2.0817e+21 -0.328371 27.0996 274.817 
0.3625 0.1375 2.09275e+21 19.9126 20.1016 274.665 
0.4625 0.1375 2.05665e+21 31.9791 6.33391 274.393 
0.0625 0.1625 2.07594e+21 -31.5608 3.62416 275.777 
0.1625 0.1625 2.0704e+21 -20.8903 19.4674 274.561 
0.2625 0.1625 2.101e+21 4.61189 24.497 277.627 
0.3625 0.1625 2.10235e+21 27.5485 15.8805 276.969 
0.4625 0.1625 2.1081e+21 32.8704 6.74414 274.695 
0.0625 0.1875 2.06339e+21 -34.3414 1.55104 277.364 
0.1625 0.1875 2.07045e+21 -24.059 14.1158 274.981 
0.2625 0.1875 2.12361e+21 1.34157 15.4645 278.528 
0.3625 0.1875 2.05203e+21 25.5469 10.1357 275.094 
0.4625 0.1875 2.05836e+21 40.8082 6.09322 273.716 
0.0625 0.2125 2.05919e+21 -38.4465 0.900381 273.369 
0.1625 0.2125 2.08232e+21 -22.8588 9.8731 276.931 
0.2625 0.2125 2.10587e+21 1.16201 9.23126 280.423 
0.3625 0.2125 2.06733e+21 27.9531 7.46855 275.511 
0.4625 0.2125 2.04244e+21 40.6005 4.78048 273.819 
0.0625 0.2375 2.04052e+21 -39.1313 0.778807 274.228 
0.1625 0.2375 2.09036e+21 -21.8694 3.51364 277.791 
0.2625 0.2375 2.08113e+21 3.67972 0.268179 278.85 
0.3625 0.2375 2.08082e+21 30.087 -0.693727 274.799 
0.4625 0.2375 2.04482e+21 41.1179 3.83866 275.797 
0.0625 0.2625 2.06376e+21 -38.0553 0.193512 273.816 
0.1625 0.2625 2.09763e+21 -23.9253 -1.9853 278.285 
0.2625 0.2625 2.09659e+21 3.09968 -7.53387 276.762 
0.3625 0.2625 2.09099e+21 28.0781 -6.27158 277.084 
0.4625 0.2625 2.06547e+21 45.8008 -1.02382 277.814 
0.0625 0.2875 2.08035e+21 -41.3463 -2.33706 275.344 
0.1625 0.2875 2.09586e+21 -24.1924 -8.43638 280.876 
0.2625 0.2875 2.0998e+21 3.3799 -12.67 277.97 
0.3625 0.2875 2.07709e+21 26.9182 -8.11719 275.574 
0.4625 0.2875 2.06173e+21 42.3288 -1.49459 274.242 
0.0625 0.3125 2.03388e+21 -38.0165 -3.66385 274.371 
0.1625 0.3125 2.06012e+21 -23.2507 -14.7574 277.078 
0.2625 0.3125 2.09975e+21 1.60056 -19.2413 276.505 
0.3625 0.3125 2.08041e+21 28.7354 -15.1843 276.005 
0.4625 0.3125 2.07283e+21 43.4582 -3.05285 273.248 
0.0625 0.3375 2.06132e+21 -35.1088 -5.89735 274.104 
0.1625 0.3375 2.05878e+21 -22.3519 -24.2538 274.868 
0.2625 0.3375 2.10738e+21 1.17216 -30.628 275.27 
0.3625 0.3375 2.08144e+21 24.3741 -20.1595 273.308 
0.4625 0.3375 2.07755e+21 41.1227 -3.26481 272.292 
0.0625 0.3625 2.08668e+21 -28.4411 -8.92911 273.401 
0.1625 0.3625 2.0665e+21 -20.3624 -27.1642 272.024 
0.2625 0.3625 2.08653e+21 1.86329 -33.6425 278.209 
0.3625 0.3625 2.07154e+21 22.8258 -25.1811 272.941 
0.4625 0.3625 2.07916e+21 37.0469 -4.79223 273.438 
0.0625 0.3875 2.07418e+21 -22.3583 -7.85266 272.95 
0.1625 0.3875 2.07563e+21 -14.846 -30.3926 274.933 
0.2625 0.3875 2.07008e+21 2.43317 -39.4496 271.751 
0.3625 0.3875 2.08575e+21 19.8389 -27.697 272.667 
0.4625 0.3875 2.06521e+21 28.3623 -6.66555 271.532 
0.0625 0.4125 2.07703e+21 -16.1092 -13.3242 272.187 
0.1625 0.4125 2.07693e+21 -9.67612 -37.1395 274.432 
0.2625 0.4125 2.06645e+21 -0.545111 -42.8816 275.456 
0.3625 0.4125 2.07444e+21 18.8702 -31.2535 272.593 
0.4625 0.4125 2.05966e+21 26.3766 -9.26051 269.747 
0.0625 0.4375 2.07755e+21 -12.7992 -10.0089 273.338 
0.1625 0.4375 2.04965e+21 -5.06744 -36.0798 274.189 
0.2625 0.4375 2.06899e+21 2.80688 -48.7299 275.056 
0.3625 0.4375 2.08616e+21 11.0705 -34.8086 273.492 
0.4625 0.4375 2.07854e+21 20.1338 -9.40252 270.398 
0.0625 0.4625 2.06173e+21 -6.97718 -8.91208 272.451 
0.1625 0.4625 2.05981e+21 -1.40847 -37.6539 272.179 
0.2625 0.4625 2.03684e+21 2.63707 -45.8837 273.505 
0.3625 0.4625 2.07714e+21 9.719 -34.5333 275.068 
0.4625 0.4625 2.07864e+21 9.24741 -8.01574 270.726 
0.0625 0.4875 2.05587e+21 -3.42232 -9.29453 270.547 
0.1625 0.4875 2.04944e+21 0.548443 -34.9066 273.116 
0.2625 0.4875 2.05587e+21 2.88907 -43.9277 276.305 
0.3625 0.4875 2.05582e+21 0.0995623 -37.1639 272.887 
0.4625 0.4875 2.08362e+21 1.77322 -12.397 267.26 
0.0875 0.0125 2.06542e+21 -3.58329 17.4154 271.269 
0.1875 0.0125 2.06184e+21 -1.19615 38.3203 274.337 
0.2875 0.0125 2.06095e+21 1.98667 37.0091 274.407 
0.3875 0.0125 2.07667e+21 0.512396 24.7486 273.783 
0.4875 0.0125 2.09747e+21 1.38948 2.1604 269.674 
0.0875 0.0375 2.0774e+21 -5.10611 15.908 270.597 
0.1875 0.0375 2.06261e+21 -3.06829 38.1002 274.182 
0.2875 0.0375 2.0469e+21 4.57247 36.715 273.199 
0.3875 0.0375 2.08025e+21 3.44842 25.2057 273.028 
0.4875 0.0375 2.07875e+21 7.70395 3.72999 271.553 
0.0875 0.0625 2.0704e+21 -8.71257 15.4462 274.107 
0.1875 0.0625 2.07065e+21 -7.69707 35.5768 273.614 
0.2875 0.0625 2.08315e+21 4.60281 36.4849 274.936 
0.3875 0.0625 2.07766e+21 7.91684 25.3866 273.901 
0.4875 0.0625 2.07221e+21 12.3745 7.16246 270.8 
0.0875 0.0875 2.09218e+21 -15.2879 13.0645 273.576 
0.1875 0.0875 2.06822e+21 -8.81128 35.4084 276.502 
0.2875 0.0875 2.07849e+21 4.73681 33.7493 277.059 
0.3875 0.0875 2.09291e+21 13.6229 22.5492 271.945 
0.4875 0.0875 2.05494e+21 17.7474 4.02886 273.168 
0.0875 0.1125 2.07926e+21 -21.6531 10.8338 273.073 
0.1875 0.1125 2.07257e+21 -11.2445 29.7973 275.25 
0.2875 0.1125 2.09384e+21 7.06332 30.872 273.361 
0.3875 0.1125 2.08321e+21 21.6316 21.0066 274.156 
0.4875 0.1125 2.08829e+21 25.0537 1.22505 272.718 
0.0875 0.1375 2.07014e+21 -25.3121 11.4744 276.268 
0.1875 0.1375 2.0899e+21 -11.9243 25.9019 274.927 
0.2875 0.1375 2.10618e+21 8.18649 26.4054 276.554 
0.3875 0.1375 2.09731e+21 26.9381 15.5749 277.16 
0.4875 0.1375 2.07408e+21 29.5977 3.25947 274.436 
0.0875 0.1625 2.07854e+21 -30.4077 9.43458 275.415 
0.1875 0.1625 2.09451e+21 -16.771 23.1631 276.441 
0.2875 0.1625 2.08279e+21 8.45287 19.7406 274.637 
0.3875 0.1625 2.08134e+21 28.7004 13.4402 276.424 
0.4875 0.1625 2.08149e+21 35.6488 2.61297 274.683 
0.0875 0.1875 2.07558e+21 -33.4035 6.5161 276.445 
0.1875 0.1875 2.09254e+21 -19.379 14.22 275.896 
0.2875 0.1875 2.08772e+21 8.43592 15.5468 278.479 
0.3875 0.1875 2.06832e+21 32.0222 10.1287 276.961 
0.4875 0.1875 2.08513e+21 40.1565 4.28083 273.64 
0.0875 0.2125 2.06697e+21 -35.4136 4.23 274.894 
0.1875 0.2125 2.0887e+21 -17.8634 8.41861 277.422 
0.2875 0.2125 2.09228e+21 9.93067 8.79906 277.451 
0.3875 0.2125 2.07527e+21 31.7334 6.3489 274.068 
0.4875 0.2125 2.06075e+21 46.1455 1.41827 273.68 
0.0875 0.2375 2.04254e+21 -38.6535 -0.774894 273.096 
0.1875 0.2375 2.10686e+21 -19.1646 3.18652 277.292 
0.2875 0.2375 2.10593e+21 11.8577 3.51891 276.993 
0.3875 0.2375 2.0844e+21 30.4561 3.39848 278.291 
0.4875 0.2375 2.03876e+21 48.0285 4.45018 275.194 
0.0875 0.2625 2.04534e+21 -36.1561 -0.0480821 274.263 
0.1875 0.2625 2.08985e+21 -18.1065 -4.24391 277.896 
0.2875 0.2625 2.10001e+21 12.354 -4.30477 276.02 
0.3875 0.2625 2.07958e+21 34.6938 -1.36981 273.852 
0.4875 0.2625 2.03678e+21 46.2119 1.18256 275.211 
0.0875 0.2875 2.05924e+21 -39.2781 -4.81336 274.941 
0.1875 0.2875 2.09005e+21 -17.9553 -13.2689 277.165 
0.2875 0.2875 2.10857e+21 12.1426 -13.0238 276.873 
0.3875 0.2875 2.05883e+21 36.6607 -7.96996 278.735 
0.4875 0.2875 2.05354e+21 47.5655 2.17673 276.243 
0.0875 0.3125 2.06842e+21 -34.8352 -8.0208 275.716 
0.1875 0.3125 2.06256e+21 -16.5715 -19.2622 277.206 
0.2875 0.3125 2.09384e+21 8.38521 -21.8088 275.047 
0.3875 0.3125 2.07698e+21 31.8109 -12.0168 274.341 
0.4875 0.3125 2.0873e+21 43.9218 -1.87153 272.865 
0.0875 0.3375 2.05805e+21 -33.0093 -10.7402 275.128 
0.1875 0.3375 2.07657e+21 -16.6992 -25.7585 277.849 
0.2875 0.3375 2.07091e+21 6.52382 -25.9369 276.832 
0.3875 0.3375 2.06427e+21 31.6048 -16.1628 270.752 
0.4875 0.3375 2.05229e+21 39.3083 -4.49132 272.642 
0.0875 0.3625 2.07076e+21 -25.2001 -14.5328 272.934 
0.1875 0.3625 2.08507e+21 -14.8176 -31.9113 276.229 
0.2875 0.3625 2.09783e+21 7.37399 -32.726 276.115 
0.3875 0.3625 2.06962e+21 26.8026 -20.9804 273.297 
0.4875 0.3625 2.04778e+21 36.3954 -1.94053 270.972 
0.0875 0.3875 2.07195e+21 -21.0747 -15.1453 275.309 
0.1875 0.3875 2.09794e+21 -10.0775 -34.5593 274.743 
0.2875 0.3875 2.0651e+21 1.81201 -38.0475 274.784 
0.3875 0.3875 2.07594e+21 27.6938 -25.5748 271.392 
0.4875 0.3875 2.08087e+21 31.2785 -2.45622 270.676 
0.0875 0.4125 2.03715e+21 -15.3986 -18.2033 276.371 
0.1875 0.4125 2.07091e+21 -5.77287 -37.223 274.479 
0.2875 0.4125 2.0803e+21 6.21754 -40.6384 276.427 
0.3875 0.4125 2.06931e+21 19.6857 -25.5914 272.805 
0.4875 0.4125 2.07906e+21 26.0903 -1.39304 273.157 
0.0875 0.4375 2.05971e+21 -14.0194 -17.8643 270.681 
0.1875 0.4375 2.06002e+21 -0.765756 -40.1697 274.33 
0.2875 0.4375 2.06324e+21 5.17098 -43.8374 276.711 
0.3875 0.4375 2.04762e+21 13.0664 -26.3738 269.562 
0.4875 0.4375 2.07875e+21 16.7289 -2.44328 271.166 
0.0875 0.4625 2.05188e+21 -9.39226 -17.462 274.029 
0.1875 0.4625 2.05328e+21 -2.83211 -39.9495 274.346 
0.2875 0.4625 2.06609e+21 3.43997 -44.4527 272.975 
0.3875 0.4625 2.07838e+21 6.84844 -27.7803 270.653 
0.4875 0.4625 2.05442e+21 12.0492 -4.6248 269.27 
0.0875 0.4875 2.05183e+21 -3.00205 -16.3317 273.269 
0.1875 0.4875 2.05701e+21 1.8184 -41.2461 270.135 
0.2875 0.4875 2.06915e+21 3.08478 -47.6411 274.438 
0.3875 0.4875 2.05836e+21 3.55371 -29.6026 272.387 
0.4875 0.4875 2.05349e+21 4.2482 -2.42461 270.006 
0.0375 0.5125 2.06687e+21 3.36883 -7.72515 271.209 
0.1375 0.5125 2.0747e+21 5.12914 -31.9943 273.343 
0.2375 0.5125 2.07517e+21 4.91945 -43.7322 276.223 
0.3375 0.5125 2.04768e+21 -4.30431 -39.0065 272.57 
0.4375 0.5125 2.06547e+21 -0.756063 -17.1959 269.248 
0.0375 0.5375 2.09161e+21 8.83702 -7.3332 272.654 
0.1375 0.5375 2.07387e+21 5.63647 -30.7447 274.508 
0.2375 0.5375 2.05919e+21 -0.552008 -46.0702 278.234 
0.3375 0.5375 2.06604e+21 -5.2093 -38.5264 273.411 
0.4375 0.5375 2.06479e+21 -9.60052 -17.1944 270.836 
0.0375 0.5625 2.08186e+21 12.4231 -5.01135 272.451 
0.1375 0.5625 2.09721e+21 10.5002 -28.8688 274.02 
0.2375 0.5625 2.05385e+21 0.753705 -39.2226 276.231 
0.3375 0.5625 2.04539e+21 -10.749 -37.1412 273.867 
0.4375 0.5625 2.08922e+21 -17.9457 -16.2276 271.187 
0.0375 0.5875 2.05862e+21 18.9955 -5.41064 272.11 
0.1375 0.5875 2.08777e+21 14.2901 -25.5172 275.676 
0.2375 0.5875 2.04425e+21 0.418987 -38.8749 277.272 
0.3375 0.5875 2.07076e+21 -14.1456 -34.0438 275.014 
0.4375 0.5875 2.07693e+21 -21.172 -14.9832 269.341 
0.0375 0.6125 2.0997e+21 24.1059 -4.79548 273.418 
0.1375 0.6125 2.07781e+21 20.3496 -26.4551 274.909 
0.2375 0.6125 2.07869e+21 3.42739 -35.5199 277.577 
0.3375 0.6125 2.06204e+21 -15.9379 -31.538 272.918 
0.4375 0.6125 2.08424e+21 -29.0048 -13.9103 272.918 
0.0375 0.6375 2.07843e+21 27.5564 -5.73807 272.125 
0.1375 0.6375 2.08632e+21 23.7735 -20.6547 274.884 
0.2375 0.6375 2.07195e+21 1.97202 -28.8364 275.941 
0.3375 0.6375 2.05841e+21 -18.1207 -26.772 273.305 
0.4375 0.6375 2.08347e+21 -31.3199 -11.2933 272.482 
0.0375 0.6625 2.08227e+21 30.7059 -5.18027 273.971 
0.1375 0.6625 2.06567e+21 24.0299 -19.4901 275.35 
0.2375 0.6625 2.09649e+21 3.81034 -22.309 278.726 
0.3375 0.6625 2.07325e+21 -22.5707 -23.129 273.723 
0.4375 0.6625 2.06562e+21 -33.4507 -10.569 274.441 
0.0375 0.6875 2.08891e+21 34.0052 -2.04877 275.639 
0.1375 0.6875 2.08943e+21 26.8164 -16.3137 276.322 
0.2375 0.6875 2.07122e+21 1.99723 -17.9671 281.355 
0.3375 0.6875 2.0704e+21 -22.3095 -16.946 274.72 
0.4375 0.6875 2.07377e+21 -40.4522 -4.77484 274.915 
0.0375 0.7125 2.04275e+21 37.5075 -4.75267 274.39 
0.1375 0.7125 2.07683e+21 30.2865 -7.11563 274.668 
0.2375 0.7125 2.09249e+21 1.98955 -10.7117 278.235 
0.3375 0.7125 2.08149e+21 -25.1195 -9.0516 273.753 
0.4375 0.7125 2.04923e+21 -41.7051 -5.79598 274.841 
0.0375 0.7375 2.03839e+21 39.8103 -4.43337 273.391 
0.1375 0.7375 2.09031e+21 28.5654 -3.40422 276.154 
0.2375 0.7375 2.10209e+21 0.784023 -4.66295 278.746 
0.3375 0.7375 2.07978e+21 -26.2785 -2.78621 273.991 
0.4375 0.7375 2.05841e+21 -39.3866 -4.42258 276.068 
0.0375 0.7625 2.04643e+21 37.1985 -0.535311 274.164 
0.1375 0.7625 2.0954e+21 26.336 3.72099 275.155 
0.2375 0.7625 2.08061e+21 -0.1789 5.64893 276.436 
0.3375 0.7625 2.04861e+21 -25.8336 2.31362 275.74 
0.4375 0.7625 2.05738e+21 -37.8377 -0.346739 277.649 
0.0375 0.7875 2.08015e+21 35.2019 -1.63614 276.172 
0.1375 0.7875 2.10561e+21 30.7842 10.6975 277.783 
0.2375 0.7875 2.0913e+21 1.56306 13.5789 277.643 
0.3375 0.7875 2.06085e+21 -22.7114 6.56499 276.333 
0.4375 0.7875 2.07231e+21 -38.9085 -0.746969 277.275 
0.0375 0.8125 2.0845e+21 31.4789 2.23726 277.788 
0.1375 0.8125 2.09062e+21 26.6241 11.7208 278.739 
0.2375 0.8125 2.09503e+21 2.91041 16.2862 281.213 
0.3375 0.8125 2.07263e+21 -22.1906 10.8474 274.408 
0.4375 0.8125 2.07371e+21 -36.9489 2.74007 274.072 
0.0375 0.8375 2.06822e+21 31.5386 2.72476 274.867 
0.1375 0.8375 2.06106e+21 23.2386 14.9283 278.289 
0.2375 0.8375 2.08756e+21 2.16846 20.7738 277.698 
0.3375 0.8375 2.07719e+21 -21.3462 18.4898 274.593 
0.4375 0.8375 2.08201e+21 -33.8033 6.02645 273.527 
0.0375 0.8625 2.07273e+21 26.6463 5.61955 270.881 
0.1375 0.8625 2.0984e+21 21.4995 17.8982 274.8 
0.2375 0.8625 2.07387e+21 0.921681 29.2439 276.807 
0.3375 0.8625 2.07626e+21 -19.328 26.4926 273.472 
0.4375 0.8625 2.06163e+21 -33.4215 8.56992 273.417 
0.0375 0.8875 2.08632e+21 25.7323 3.74705 273.631 
0.1375 0.8875 2.08528e+21 16.9978 21.7926 271.781 
0.2375 0.8875 2.08217e+21 4.77426 33.2018 277.902 
0.3375 0.8875 2.09244e+21 -10.7384 27.7934 274.215 
0.4375 0.8875 2.07231e+21 -25.2207 9.62462 274.128 
0.0375 0.9125 2.09415e+21 18.5079 2.9452 271.475 
0.1375 0.9125 2.07107e+21 10.0221 26.0488 272.965 
0.2375 0.9125 2.07221e+21 2.2728 35.8219 275.631 
0.3375 0.9125 2.09477e+21 -10.41 29.587 277.846 
0.4375 0.9125 2.08217e+21 -20.3427 14.5315 273.425 
0.0375 0.9375 2.06433e+21 8.91331 2.9732 272.963 
0.1375 0.9375 2.06064e+21 9.94846 26.5999 272.194 
0.2375 0.9375 2.08113e+21 1.69946 40.4054 275.374 
0.3375 0.9375 2.06287e+21 -5.8151 32.1084 277.592 
0.4375 0.9375 2.09508e+21 -13.7274 13.2612 270.539 
0.0375 0.9625 2.08985e+21 5.41634 3.8123 273.943 
0.1375 0.9625 2.08497e+21 3.28323 27.9806 271.653 
0.2375 0.9625 2.08476e+21 0.259785 41.1912 273.713 
0.3375 0.9625 2.07553e+21 -2.36769 35.1904 273.348 
0.4375 0.9625 2.10489e+21 -3.14164 16.4797 273.045 
0.0375 0.9875 2.09337e+21 1.03376 5.27608 272.59 
0.1375 0.9875 2.06272e+21 0.654685 28.7874 271.3 
0.2375 0.9875 2.06645e+21 0.287565 41.3013 275.905 
0.3375 0.9875 2.06132e+21 3.49029 34.3492 275.881 
0.4375 0.9875 2.08513e+21 -0.729534 15.7764 270.973 
0.0125 0.5125 2.07812e+21 4.05958 -2.80453 270.658 
0.1125 0.5125 2.05701e+21 3.40249 -25.1315 273.175 
0.2125 0.5125 2.03523e+21 5.97377 -46.0601 274.499 
0.3125 0.5125 2.06308e+21 -2.18635 -39.8516 274.222 
0.4125 0.5125 2.05447e+21 -6.36547 -25.398 271.76 
0.0125 0.5375 2.08891e+21 11.2543 -2.23437 269.935 
0.1125 0.5375 2.10084e+21 12.1786 -28.5001 273.101 
0.2125 0.5375 2.08611e+21 2.95725 -43.9156 277.107 
0.3125 0.5375 2.09291e+21 -3.59506 -40.5966 273.407 
0.4125 0.5375 2.07008e+21 -12.074 -22.055 271.628 
0.0125 0.5625 2.09368e+21 15.3854 -4.15943 272.129 
0.1125 0.5625 2.0371e+21 13.5033 -25.4817 274.564 
0.2125 0.5625 2.06376e+21 3.47543 -40.8641 275.179 
0.3125 0.5625 2.0803e+21 -5.63989 -37.3683 272.489 
0.4125 0.5625 2.07901e+21 -14.453 -22.1246 270.338 
0.0125 0.5875 2.09374e+21 20.066 -2.82723 272.238 
0.1125 0.5875 2.07558e+21 18.6292 -21.6215 275.199 
0.2125 0.5875 2.09374e+21 6.36255 -34.0607 275.434 
0.3125 0.5875 2.06376e+21 -10.2967 -37.0935 273.733 
0.4125 0.5875 2.09208e+21 -19.7086 -21.6257 275.737 
0.0125 0.6125 2.08622e+21 25.082 -3.02297 273.324 
0.1125 0.6125 2.07392e+21 22.7158 -19.0583 275.231 
0.2125 0.6125 2.07563e+21 7.76607 -33.0201 274.494 
0.3125 0.6125 2.07216e+21 -10.3339 -33.4577 273.433 
0.4125 0.6125 2.09088e+21 -23.1551 -18.9236 273.613 
0.0125 0.6375 2.07942e+21 31.7805 -5.02802 274.077 
0.1125 0.6375 2.08912e+21 24.2891 -19.3918 273.075 
0.2125 0.6375 2.07169e+21 5.46007 -26.4117 274.794 
0.3125 0.6375 2.07045e+21 -14.8383 -29.2405 274.993 
0.4125 0.6375 2.08715e+21 -31.4806 -14.3336 271.926 
0.0125 0.6625 2.08756e+21 35.6687 -2.46616 271.273 
0.1125 0.6625 2.08487e+21 26.5787 -16.4571 274.133 
0.2125 0.6625 2.07174e+21 13.6802 -19.9657 275.801 
0.3125 0.6625 2.08559e+21 -13.7125 -19.8144 275.966 
0.4125 0.6625 2.07999e+21 -33.804 -12.2042 275.25 
0.0125 0.6875 2.09835e+21 36.7255 -0.990974 274.202 
0.1125 0.6875 2.07086e+21 31.0451 -10.4326 274.288 
0.2125 0.6875 2.08341e+21 6.83664 -18.9723 276.264 
0.3125 0.6875 2.09405e+21 -15.1825 -16.0427 276.371 
0.4125 0.6875 2.06267e+21 -37.2784 -11.7641 271.555 
0.0125 0.7125 2.03315e+21 43.6957 -3.83675 274.733 
0.1125 0.7125 2.07112e+21 32.4789 -3.69885 274.801 
0.2125 0.7125 2.08642e+21 8.87108 -9.2478 280.27 
0.3125 0.7125 2.08663e+21 -18.186 -9.75577 275.994 
0.4125 0.7125 2.08336e+21 -35.9734 -6.2524 276.389 
0.0125 0.7375 2.04949e+21 39.9739 -2.65978 273.161 
0.1125 0.7375 2.09011e+21 34.8631 0.0587909 274.408 
0.2125 0.7375 2.10385e+21 6.17306 -0.829723 277.855 
0.3125 0.7375 2.08979e+21 -19.427 -3.24884 276.846 
0.4125 0.7375 2.05203e+21 -38.7745 -2.74032 276.12 
0.0125 0.7625 2.04223e+21 36.8904 -5.64654 275.114 
0.1125 0.7625 2.08186e+21 31.7291 4.72034 277.341 
0.2125 0.7625 2.09503e+21 7.00602 4.0023 278.666 
0.3125 0.7625 2.07563e+21 -18.349 1.32713 276.588 
0.4125 0.7625 2.08658e+21 -35.9146 0.887563 277.145 
0.0125 0.7875 2.06106e+21 36.5293 0.262092 275.647 
0.1125 0.7875 2.11054e+21 33.8725 9.32464 277.12 
0.2125 0.7875 2.11951e+21 7.44008 9.83257 278.166 
0.3125 0.7875 2.0776e+21 -17.9388 6.64029 274.145 
0.4125 0.7875 2.07439e+21 -35.142 3.61832 274.299 
0.0125 0.8125 2.054e+21 35.2744 -1.02474 275.203 
0.1125 0.8125 2.09016e+21 33.5906 12.058 276.695 
0.2125 0.8125 2.09835e+21 7.52784 17.5218 276.965 
0.3125 0.8125 2.06858e+21 -16.9084 14.7618 275.913 
0.4125 0.8125 2.0761e+21 -33.9024 8.00985 275.695 
0.0125 0.8375 2.08845e+21 32.8623 -0.372152 274.161 
0.1125 0.8375 2.08398e+21 27.6903 12.4826 274.641 
0.2125 0.8375 2.05629e+21 11.0995 21.718 276.206 
0.3125 0.8375 2.06625e+21 -17.552 22.1902 275.278 
0.4125 0.8375 2.06194e+21 -31.4917 9.53708 274.968 
0.0125 0.8625 2.07771e+21 30.7012 0.16889 274.051 
0.1125 0.8625 2.09612e+21 26.7661 18.3326 274.017 
0.2125 0.8625 2.05525e+21 6.93972 24.7933 274.706 
0.3125 0.8625 2.08124e+21 -12.4276 28.3668 277.419 
0.4125 0.8625 2.05442e+21 -27.3112 12.3056 272.669 
0.0125 0.8875 2.08808e+21 24.8138 1.9554 272.801 
0.1125 0.8875 2.0761e+21 22.8257 16.3724 272.902 
0.2125 0.8875 2.06075e+21 6.66342 34.1433 274.538 
0.3125 0.8875 2.07812e+21 -9.52539 33.8719 276.239 
0.4125 0.8875 2.05971e+21 -24.9161 15.2551 274.036 
0.0125 0.9125 2.08471e+21 17.3278 0.102609 274.088 
0.1125 0.9125 2.07221e+21 15.5975 18.9765 272.07 
0.2125 0.9125 2.06661e+21 3.72994 36.3921 276.267 
0.3125 0.9125 2.08456e+21 -4.53102 32.9045 276.231 
0.4125 0.9125 2.08507e+21 -15.8106 18.3124 273.241 
0.0125 0.9375 2.08974e+21 9.4033 -0.324572 271.957 
0.1125 0.9375 2.0664e+21 10.179 22.6225 273.717 
0.2125 0.9375 2.09156e+21 1.55831 38.9006 273.713 
0.3125 0.9375 2.07065e+21 -4.81651 37.4776 277.765 
0.4125 0.9375 2.07309e+21 -11.1979 19.5724 273.873 
0.0125 0.9625 2.08274e+21 6.65811 0.97218 271.882 
0.1125 0.9625 2.06531e+21 4.27988 21.7965 273.295 
0.2125 0.9625 2.07512e+21 1.74066 40.5841 275.54 
0.3125 0.9625 2.07159e+21 -3.82097 37.0971 274.128 
0.4125 0.9625 2.08186e+21 -5.05725 21.2291 271.491 
0.0125 0.9875 2.07216e+21 1.29371 2.45965 271.768 
0.1125 0.9875 2.04882e+21 -1.25764 24.1043 270.657 
0.2125 0.9875 2.05618e+21 0.828448 37.9423 274.296 
0.3125 0.9875 2.06858e+21 1.96414 35.6217 275.012 
0.4125 0.9875 2.08575e+21 0.0387829 20.7748 271.078 
0.0625 0.5125 2.07984e+21 4.72358 -11.8585 269.374 
0.1625 0.5125 2.06121e+21 4.15266 -38.1456 272.756 
0.2625 0.5125 2.09394e+21 1.83574 -45.8121 278.463 
0.3625 0.5125 2.05784e+21 -5.00004 -34.9727 270.848 
0.4625 0.5125 2.07128e+21 -3.84988 -11.2139 270.43 
0.0625 0.5375 2.06604e+21 10.8845 -13.52 272.397 
0.1625 0.5375 2.07527e+21 5.60241 -34.3344 275.283 
0.2625 0.5375 2.09441e+21 1.99656 -45.876 278.188 
0.3625 0.5375 2.05343e+21 -9.11951 -32.9335 269.547 
0.4625 0.5375 2.07885e+21 -7.36794 -8.66339 270.583 
0.0625 0.5625 2.06708e+21 16.7264 -11.7526 275.474 
0.1625 0.5625 2.07122e+21 10.0721 -36.8642 271.377 
0.2625 0.5625 2.0733e+21 -1.64015 -44.0662 277.4 
0.3625 0.5625 2.05063e+21 -12.3403 -33.1826 272.52 
0.4625 0.5625 2.08315e+21 -20.046 -8.5921 271.666 
0.0625 0.5875 2.07351e+21 20.359 -9.09882 271.959 
0.1625 0.5875 2.0732e+21 17.983 -32.9498 272.796 
0.2625 0.5875 2.06614e+21 -3.00627 -40.9104 275.491 
0.3625 0.5875 2.05209e+21 -15.7961 -29.1041 273.35 
0.4625 0.5875 2.06842e+21 -24.427 -7.87237 271.474 
0.0625 0.6125 2.09488e+21 24.0432 -7.8995 273.275 
0.1625 0.6125 2.05017e+21 20.1249 -26.1064 274.433 
0.2625 0.6125 2.08092e+21 -2.76761 -36.0206 275.316 
0.3625 0.6125 2.08741e+21 -20.3145 -28.202 274.751 
0.4625 0.6125 2.08087e+21 -29.6597 -6.55865 271.386 
0.0625 0.6375 2.09591e+21 28.2013 -7.95739 274.494 
0.1625 0.6375 2.08108e+21 17.5462 -22.5051 276.225 
0.2625 0.6375 2.10888e+21 -4.64152 -28.6138 277.82 
0.3625 0.6375 2.0746e+21 -24.7621 -24.416 274.31 
0.4625 0.6375 2.05317e+21 -34.8498 -6.77613 272.378 
0.0625 0.6625 2.07501e+21 33.7621 -7.15546 274.425 
0.1625 0.6625 2.06614e+21 21.103 -21.148 276.092 
0.2625 0.6625 2.07869e+21 -3.38158 -24.1472 277.4 
0.3625 0.6625 2.08139e+21 -26.8803 -18.7979 275.028 
0.4625 0.6625 2.08352e+21 -36.1656 -4.89056 273.874 
0.0625 0.6875 2.07128e+21 35.0715 -5.38489 272.353 
0.1625 0.6875 2.06884e+21 25.7529 -15.9282 278.607 
0.2625 0.6875 2.08772e+21 -6.58394 -18.6419 276.648 
0.3625 0.6875 2.07361e+21 -28.3291 -14.0236 276.513 
0.4625 0.6875 2.07361e+21 -41.9505 -2.89809 272.495 
0.0625 0.7125 2.08015e+21 38.7215 -6.50861 275.245 
0.1625 0.7125 2.06173e+21 22.2509 -9.96219 276.901 
0.2625 0.7125 2.08481e+21 -5.89251 -10.6645 277.125 
0.3625 0.7125 2.08051e+21 -27.1241 -11.1457 275.473 
0.4625 0.7125 2.06287e+21 -39.8577 -3.5049 273.606 
0.0625 0.7375 2.08953e+21 37.4391 -2.78722 275.382 
0.1625 0.7375 2.07745e+21 19.4377 -3.90017 277.93 
0.2625 0.7375 2.09649e+21 -7.13708 -1.67188 278.677 
0.3625 0.7375 2.07221e+21 -32.1263 -3.75994 272.016 
0.4625 0.7375 2.06204e+21 -44.1855 -4.61484 275.363 
0.0625 0.7625 2.0942e+21 36.8676 1.71161 275.823 
0.1625 0.7625 2.08362e+21 19.9339 3.12392 276.069 
0.2625 0.7625 2.09296e+21 -2.00284 5.52934 277.62 
0.3625 0.7625 2.08487e+21 -27.7707 1.40172 274.987 
0.4625 0.7625 2.06396e+21 -44.8842 -0.624276 275.692 
0.0625 0.7875 2.08149e+21 33.3457 6.34569 275.535 
0.1625 0.7875 2.08025e+21 19.1161 7.946 278.822 
0.2625 0.7875 2.10458e+21 -4.95297 12.4492 277.861 
0.3625 0.7875 2.05981e+21 -26.5367 6.06184 273.884 
0.4625 0.7875 2.05297e+21 -45.0518 1.45605 275.901 
0.0625 0.8125 2.07636e+21 30.5401 6.15327 276.533 
0.1625 0.8125 2.08808e+21 18.719 11.2824 278.437 
0.2625 0.8125 2.09944e+21 -3.01528 20.1936 277.457 
0.3625 0.8125 2.0733e+21 -27.4382 10.8684 273.916 
0.4625 0.8125 2.0704e+21 -40.4921 2.24681 274.119 
0.0625 0.8375 2.06614e+21 29.2595 6.30089 276.781 
0.1625 0.8375 2.08611e+21 21.0562 15.8613 275.429 
0.2625 0.8375 2.10276e+21 -2.71853 23.4416 279.813 
0.3625 0.8375 2.06889e+21 -23.6264 12.8206 272.718 
0.4625 0.8375 2.06848e+21 -33.7017 3.07774 273.817 
0.0625 0.8625 2.04804e+21 29.957 10.4998 272.58 
0.1625 0.8625 2.07792e+21 16.1399 20.5715 275.516 
0.2625 0.8625 2.07823e+21 -4.37015 27.3938 278.641 
0.3625 0.8625 2.07574e+21 -22.876 22.782 275.071 
0.4625 0.8625 2.06417e+21 -32.1554 5.07991 273.399 
0.0625 0.8875 2.08269e+21 21.6974 9.38809 272.232 
0.1625 0.8875 2.06697e+21 12.8205 29.6793 275.21 
0.2625 0.8875 2.08622e+21 -2.15251 32.1681 277.277 
0.3625 0.8875 2.06101e+21 -17.16 22.7856 273.123 
0.4625 0.8875 2.07299e+21 -28.0901 9.00262 273.012 
0.0625 0.9125 2.06526e+21 15.4835 10.5175 272.14 
0.1625 0.9125 2.08756e+21 8.19402 30.3081 275.761 
0.2625 0.9125 2.08118e+21 -2.47796 36.6382 278.523 
0.3625 0.9125 2.08409e+21 -13.4948 25.4706 274.036 
0.4625 0.9125 2.08207e+21 -20.2745 5.1658 274.064 
0.0625 0.9375 2.07553e+21 14.3407 13.0189 275.146 
0.1625 0.9375 2.07252e+21 5.16912 31.5472 274.933 
0.2625 0.9375 2.09706e+21 -0.534781 39.9451 275.106 
0.3625 0.9375 2.07532e+21 -9.9428 27.3348 274.848 
0.4625 0.9375 2.08373e+21 -14.1965 8.51024 273.377 
0.0625 0.9625 2.08518e+21 3.95014 11.941 269.43 
0.1625 0.9625 2.05898e+21 1.12064 32.7366 272.622 
0.2625 0.9625 2.07205e+21 -0.602004 43.4534 274.259 
0.3625 0.9625 2.06282e+21 -5.76369 29.2925 276.055 
0.4625 0.9625 2.06671e+21 -5.09145 11.8729 269.195 
0.0625 0.9875 2.051e+21 -2.66674 9.40342 271.931 
0.1625 0.9875 2.07989e+21 0.315227 33.1563 274.371 
0.2625 0.9875 2.07558e+21 1.6953 40.9794 275.647 
0.3625 0.9875 2.03611e+21 0.396415 28.9704 272.674 
0.4625 0.9875 2.08051e+21 -2.37303 11.8127 272.775 
0.0875 0.5125 2.08378e+21 1.06838 -20.3777 274.889 
0.1875 0.5125 2.07299e+21 2.05295 -40.8081 273.223 
0.2875 0.5125 2.07864e+21 -0.136682 -43.1504 275.173 
0.3875 0.5125 2.05546e+21 -4.96094 -30.706 271.86 
0.4875 0.5125 2.05961e+21 -3.86211 -0.971232 270.19 
0.0875 0.5375 2.07605e+21 8.69715 -20.0399 272.565 
0.1875 0.5375 2.06521e+21 3.13538 -42.5769 276.616 
0.2875 0.5375 2.08035e+21 -4.08628 -44.9345 274.9 
0.3875 0.5375 2.06702e+21 -8.08889 -29.6605 270.653 
0.4875 0.5375 2.07242e+21 -9.64003 0.751162 271.285 
0.0875 0.5625 2.07688e+21 15.3799 -20.1274 271.894 
0.1875 0.5625 2.06402e+21 6.17867 -38.1702 272.858 
0.2875 0.5625 2.09555e+21 -2.04156 -40.4233 274.879 
0.3875 0.5625 2.05665e+21 -13.4737 -24.626 272.945 
0.4875 0.5625 2.08181e+21 -19.3543 -4.82005 272.1 
0.0875 0.5875 2.06308e+21 21.6576 -14.6296 277.602 
0.1875 0.5875 2.08943e+21 11.399 -33.5247 272.236 
0.2875 0.5875 2.05385e+21 -7.09955 -36.8754 274.708 
0.3875 0.5875 2.09176e+21 -16.4721 -26.4033 271.693 
0.4875 0.5875 2.08404e+21 -22.249 -3.79815 274.171 
0.0875 0.6125 2.10473e+21 21.7427 -15.6051 272.067 
0.1875 0.6125 2.09296e+21 11.364 -30.5311 277.07 
0.2875 0.6125 2.06988e+21 -7.29706 -35.2839 274.392 
0.3875 0.6125 2.06464e+21 -22.0374 -21.1341 272.919 
0.4875 0.6125 2.07148e+21 -31.2802 -3.1285 274.585 
0.0875 0.6375 2.07864e+21 27.1035 -12.0333 273.153 
0.1875 0.6375 2.07071e+21 15.9317 -22.4002 277.728 
0.2875 0.6375 2.09368e+21 -6.70027 -27.8555 275.816 
0.3875 0.6375 2.04166e+21 -25.6398 -20.8307 272.808 
0.4875 0.6375 2.06184e+21 -35.0367 -3.98735 272.58 
0.0875 0.6625 2.07952e+21 29.9834 -9.90817 273.71 
0.1875 0.6625 2.07859e+21 15.999 -20.5032 275.177 
0.2875 0.6625 2.0817e+21 -8.97963 -24.206 277.121 
0.3875 0.6625 2.06044e+21 -33.6222 -16.0581 275.742 
0.4875 0.6625 2.07325e+21 -35.0567 -3.51283 274.49 
0.0875 0.6875 2.06874e+21 33.6058 -9.29823 272.329 
0.1875 0.6875 2.0483e+21 17.3208 -17.8061 278.763 
0.2875 0.6875 2.07408e+21 -10.9519 -14.9122 277.974 
0.3875 0.6875 2.05644e+21 -32.8667 -12.6651 275.287 
0.4875 0.6875 2.09706e+21 -40.0157 -4.80857 272.408 
0.0875 0.7125 2.07579e+21 33.4313 -3.66019 274.825 
0.1875 0.7125 2.07667e+21 14.7574 -11.2167 276.929 
0.2875 0.7125 2.0969e+21 -12.465 -7.88926 277.784 
0.3875 0.7125 2.08502e+21 -33.558 -9.0416 271.92 
0.4875 0.7125 2.06718e+21 -43.6768 -2.87092 274.25 
0.0875 0.7375 2.07906e+21 33.7716 -0.706377 275.987 
0.1875 0.7375 2.08699e+21 15.0282 -5.29049 278.88 
0.2875 0.7375 2.08232e+21 -12.3011 -4.48764 278.534 
0.3875 0.7375 2.08362e+21 -34.1792 -4.89233 275.346 
0.4875 0.7375 2.06951e+21 -47.674 -1.28588 277.094 
0.0875 0.7625 2.0954e+21 34.5596 3.86621 277.974 
0.1875 0.7625 2.0844e+21 16.9866 -1.26834 278.292 
0.2875 0.7625 2.09337e+21 -10.7629 1.6651 277.886 
0.3875 0.7625 2.06319e+21 -32.6908 0.00418953 274.328 
0.4875 0.7625 2.08072e+21 -46.6675 -2.59604 273.919 
0.0875 0.7875 2.09654e+21 29.3678 6.698 277.104 
0.1875 0.7875 2.09483e+21 17.4352 9.38802 277.349 
0.2875 0.7875 2.08845e+21 -11.3019 9.92182 278.519 
0.3875 0.7875 2.06604e+21 -33.515 7.48418 273.357 
0.4875 0.7875 2.04477e+21 -44.753 0.384326 274.646 
0.0875 0.8125 2.0664e+21 30.8616 9.70938 274.572 
0.1875 0.8125 2.07724e+21 14.1866 13.4246 275.008 
0.2875 0.8125 2.09088e+21 -10.5597 14.8264 275.907 
0.3875 0.8125 2.06573e+21 -30.0173 9.46959 274.803 
0.4875 0.8125 2.04399e+21 -41.1497 1.79757 272.933 
0.0875 0.8375 2.05924e+21 31.9164 10.909 274.167 
0.1875 0.8375 2.06816e+21 16.507 18.6461 274.727 
0.2875 0.8375 2.0857e+21 -11.3851 22.3729 279.03 
0.3875 0.8375 2.0705e+21 -26.8686 12.5247 272.883 
0.4875 0.8375 2.07657e+21 -37.7777 3.32058 273.351 
0.0875 0.8625 2.09145e+21 27.2309 15.9605 272.384 
0.1875 0.8625 2.06194e+21 14.7728 24.9741 274.804 
0.2875 0.8625 2.06842e+21 -7.67503 27.6766 277.647 
0.3875 0.8625 2.06147e+21 -25.9739 17.3413 274.145 
0.4875 0.8625 2.06521e+21 -31.9135 3.07704 272.669 
0.0875 0.8875 2.06692e+21 25.8729 14.3466 270.649 
0.1875 0.8875 2.072e+21 12.0659 31.3538 275.079 
0.2875 0.8875 2.09768e+21 -6.526 32.5598 276.913 
0.3875 0.8875 2.04389e+21 -21.3124 19.8282 273.127 
0.4875 0.8875 2.0706e+21 -27.9071 2.39602 272.783 
0.0875 0.9125 2.06402e+21 17.1613 15.4407 274.534 
0.1875 0.9125 2.06635e+21 7.95992 32.7072 274.661 
0.2875 0.9125 2.08502e+21 -5.2415 35.7687 280.299 
0.3875 0.9125 2.06682e+21 -17.0515 23.8148 275 
0.4875 0.9125 2.07429e+21 -18.9709 1.77641 271.814 
0.0875 0.9375 2.06376e+21 8.52037 15.3375 273.409 
0.1875 0.9375 2.06376e+21 5.15684 35.6647 273.174 
0.2875 0.9375 2.07449e+21 -4.65094 38.661 277.396 
0.3875 0.9375 2.07252e+21 -10.5796 24.1346 272.896 
0.4875 0.9375 2.08139e+21 -13.4701 2.9891 271.786 
0.0875 0.9625 2.08072e+21 0.170587 15.748 269.887 
0.1875 0.9625 2.05458e+21 1.87134 33.9782 273.256 
0.2875 0.9625 2.07366e+21 -1.86186 40.3438 278.018 
0.3875 0.9625 2.05317e+21 -2.77724 24.8365 272.42 
0.4875 0.9625 2.05878e+21 -3.65567 3.25047 271.589 
0.0875 0.9875 2.0788e+21 -1.15419 18.0664 269.956 
0.1875 0.9875 2.07517e+21 -0.0766458 36.1789 276.624 
0.2875 0.9875 2.06137e+21 1.45029 39.1275 275.545 
0.3875 0.9875 2.06256e+21 2.93262 24.7415 273.634 
0.4875 0.9875 2.07579e+21 -3.98808 4.28404 273.167 
0.5625 0.0125 2.09846e+21 1.80648 -11.9035 272.041 
0.6625 0.0125 2.07081e+21 -4.92331 -34.2921 275.256 
0.7625 0.0125 2.06469e+21 1.62542 -41.7041 273.536 
0.8625 0.0125 2.06765e+21 0.6504 -25.6968 273.676 
0.9625 0.0125 2.06972e+21 0.324125 -5.9907 271.67 
0.5625 0.0375 2.07652e+21 5.64331 -9.98103 271.593 
0.6625 0.0375 2.0941e+21 -2.38845 -32.7997 271.688 
0.7625 0.0375 2.0525e+21 2.07112 -41.7028 275.866 
0.8625 0.0375 2.08886e+21 -2.88623 -27.238 275.251 
0.9625 0.0375 2.06733e+21 -5.849 -4.17186 271.973 
0.5625 0.0625 2.06718e+21 12.4503 -9.11602 273.34 
0.6625 0.0625 2.08445e+21 3.04711 -36.4042 271.364 
0.7625 0.0625 2.06614e+21 -1.26976 -41.9848 276.489 
0.8625 0.0625 2.09213e+21 -9.17759 -28.7061 274.628 
0.9625 0.0625 2.07729e+21 -14.2378 -5.24645 272.112 
0.5625 0.0875 2.05037e+21 21.0605 -11.4923 273.508 
0.6625 0.0875 2.07797e+21 10.7943 -29.6225 275.722 
0.7625 0.0875 2.06505e+21 0.362605 -35.198 273.697 
0.8625 0.0875 2.0775e+21 -10.6244 -25.0289 274.941 
0.9625 0.0875 2.08492e+21 -17.6073 -1.46342 270.385 
0.5625 0.1125 2.07034e+21 23.1741 -11.0214 271.202 
0.6625 0.1125 2.08533e+21 17.5639 -28.6225 273.809 
0.7625 0.1125 2.06355e+21 -2.93381 -32.4722 274.015 
0.8625 0.1125 2.06754e+21 -14.5707 -21.0817 273.719 
0.9625 0.1125 2.08279e+21 -24.5803 -0.942021 273.31 
0.5625 0.1375 2.08274e+21 30.4819 -10.5884 273.222 
0.6625 0.1375 2.09431e+21 21.1427 -22.9035 275.743 
0.7625 0.1375 2.06889e+21 -5.54189 -27.3885 276.28 
0.8625 0.1375 2.0678e+21 -22.9805 -19.0373 274.642 
0.9625 0.1375 2.06791e+21 -30.4944 -1.49274 273.78 
0.5625 0.1625 2.08456e+21 33.8183 -4.73 276.676 
0.6625 0.1625 2.09477e+21 20.6969 -18.1956 276.993 
0.7625 0.1625 2.08943e+21 -4.59433 -24.8241 278.711 
0.8625 0.1625 2.08082e+21 -24.9891 -17.0508 274.739 
0.9625 0.1625 2.05847e+21 -32.2044 -2.8884 275.004 
0.5625 0.1875 2.05712e+21 37.8323 -6.22871 277.319 
0.6625 0.1875 2.08943e+21 26.9077 -16.0295 275.458 
0.7625 0.1875 2.0733e+21 -3.26086 -16.8724 278.897 
0.8625 0.1875 2.08103e+21 -24.4573 -12.0621 276.623 
0.9625 0.1875 2.06754e+21 -34.2407 -3.9148 272.747 
0.5625 0.2125 2.06889e+21 41.9032 -0.728684 271.504 
0.6625 0.2125 2.05971e+21 21.8657 -9.38284 276.284 
0.7625 0.2125 2.09068e+21 -2.77753 -10.9475 276.951 
0.8625 0.2125 2.08232e+21 -24.831 -6.32261 276.394 
0.9625 0.2125 2.08279e+21 -39.1306 -3.67821 276.33 
0.5625 0.2375 2.07071e+21 46.4316 -2.32733 273.575 
0.6625 0.2375 2.05924e+21 22.4564 -1.61867 274.119 
0.7625 0.2375 2.06848e+21 -2.20003 -2.31084 276.266 
0.8625 0.2375 2.09197e+21 -24.2016 -0.0510695 275.239 
0.9625 0.2375 2.07714e+21 -40.2808 -0.874643 275.671 
0.5625 0.2625 2.04928e+21 45.8733 -1.74442 277.075 
0.6625 0.2625 2.09415e+21 22.682 0.144729 276.707 
0.7625 0.2625 2.08284e+21 -6.22205 2.18383 276.44 
0.8625 0.2625 2.0928e+21 -28.5895 5.78936 277.084 
0.9625 0.2625 2.07439e+21 -42.5978 4.4405 272.97 
0.5625 0.2875 2.07309e+21 41.0795 4.02713 274.389 
0.6625 0.2875 2.07677e+21 23.0952 7.53807 274.543 
0.7625 0.2875 2.06355e+21 -2.40495 10.8924 275.588 
0.8625 0.2875 2.09311e+21 -25.7134 6.96906 276.139 
0.9625 0.2875 2.07869e+21 -42.5205 4.81287 276.443 
0.5625 0.3125 2.06407e+21 37.2029 8.39257 276.63 
0.6625 0.3125 2.06713e+21 22.8483 16.1921 277.463 
0.7625 0.3125 2.07418e+21 0.00165183 19.3524 276.246 
0.8625 0.3125 2.10043e+21 -27.0365 13.447 277.551 
0.9625 0.3125 2.08077e+21 -35.6645 6.48618 273.471 
0.5625 0.3375 2.0761e+21 36.7645 8.93225 275.766 
0.6625 0.3375 2.09674e+21 20.3971 19.9887 275.237 
0.7625 0.3375 2.07055e+21 -3.17213 25.4234 277.026 
0.8625 0.3375 2.09467e+21 -23.8794 16.2699 276.387 
0.9625 0.3375 2.0844e+21 -31.6074 7.83168 273.174 
0.5625 0.3625 2.05753e+21 33.0821 13.0334 274.189 
0.6625 0.3625 2.06676e+21 16.7887 25.562 274.267 
0.7625 0.3625 2.07154e+21 -1.0917 32.0995 277.752 
0.8625 0.3625 2.0704e+21 -20.5484 23.6201 273.014 
0.9625 0.3625 2.07652e+21 -29.8608 2.25782 274.047 
0.5625 0.3875 2.07475e+21 28.5526 14.5191 270.736 
0.6625 0.3875 2.06433e+21 15.2214 28.15 275.019 
0.7625 0.3875 2.08819e+21 -3.7502 33.9075 277.731 
0.8625 0.3875 2.05068e+21 -19.1518 25.1743 275.102 
0.9625 0.3875 2.04436e+21 -23.2331 7.03152 271.662 
0.5625 0.4125 2.08746e+21 25.3423 17.1901 271.897 
0.6625 0.4125 2.06832e+21 14.0936 31.0825 276.161 
0.7625 0.4125 2.07501e+21 -2.48702 37.8039 276.151 
0.8625 0.4125 2.07205e+21 -14.1293 27.856 272.486 
0.9625 0.4125 2.07574e+21 -21.1538 4.29556 273.823 
0.5625 0.4375 2.07242e+21 18.2567 20.0479 271.955 
0.6625 0.4375 2.09747e+21 9.84796 37.0165 275.954 
0.7625 0.4375 2.08155e+21 -0.558159 43.2569 277.295 
0.8625 0.4375 2.04207e+21 -9.86784 27.5335 277.974 
0.9625 0.4375 2.09472e+21 -14.5247 5.05557 271.453 
0.5625 0.4625 2.05193e+21 9.55836 16.4692 269.23 
0.6625 0.4625 2.05525e+21 5.13544 39.1678 275.163 
0.7625 0.4625 2.06054e+21 0.896573 44.8289 274.78 
0.8625 0.4625 2.06656e+21 -3.86021 30.5675 274.851 
0.9625 0.4625 2.05748e+21 -4.73257 5.41484 269.071 
0.5625 0.4875 2.06962e+21 2.64182 20.9806 270.048 
0.6625 0.4875 2.05525e+21 0.909744 40.9081 274.206 
0.7625 0.4875 2.05976e+21 2.06651 48.7404 277.949 
0.8625 0.4875 2.076e+21 0.274218 32.603 272.746 
0.9625 0.4875 2.06199e+21 -0.36425 3.24854 269.514 
0.5125 0.0125 2.06848e+21 0.945478 -1.20174 269.492 
0.6125 0.0125 2.0748e+21 -3.65403 -24.448 273.521 
0.7125 0.0125 2.0705e+21 -1.24411 -42.4515 273.154 
0.8125 0.0125 2.08098e+21 -0.0280153 -37.0309 271.848 
0.9125 0.0125 2.09259e+21 0.824311 -13.977 273.986 
0.5125 0.0375 2.06443e+21 5.76358 0.53032 270.711 
0.6125 0.0375 2.10079e+21 1.37985 -22.2075 274.028 
0.7125 0.0375 2.04918e+21 -1.13277 -42.916 274.504 
0.8125 0.0375 2.06697e+21 -1.6511 -36.8918 274.926 
0.9125 0.0375 2.08227e+21 -5.97877 -17.1353 271.144 
0.5125 0.0625 2.05587e+21 11.5017 -0.884283 270.675 
0.6125 0.0625 2.08658e+21 9.60442 -19.4426 275.323 
0.7125 0.0625 2.07532e+21 1.39569 -41.7724 272.493 
0.8125 0.0625 2.08118e+21 -3.25527 -35.4986 275.882 
0.9125 0.0625 2.06931e+21 -10.4826 -14.0518 269.068 
0.5125 0.0875 2.07003e+21 20.5959 -2.327 272.581 
0.6125 0.0875 2.06848e+21 15.5128 -19.1538 271.85 
0.7125 0.0875 2.07937e+21 4.26986 -36.9426 277.455 
0.8125 0.0875 2.08938e+21 -7.2982 -31.6144 278.033 
0.9125 0.0875 2.06127e+21 -17.4567 -14.9709 271.343 
0.5125 0.1125 2.07154e+21 23.3662 -4.13156 272.483 
0.6125 0.1125 2.08362e+21 20.6733 -15.3746 274.021 
0.7125 0.1125 2.06905e+21 7.01464 -32.9402 277.359 
0.8125 0.1125 2.09317e+21 -13.3553 -30.0074 279.03 
0.9125 0.1125 2.09296e+21 -23.0334 -12.8765 272.647 
0.5125 0.1375 2.07771e+21 30.1784 -0.266616 275.686 
0.6125 0.1375 2.08985e+21 28.9257 -15.5874 274.115 
0.7125 0.1375 2.09254e+21 8.10918 -28.1931 275.506 
0.8125 0.1375 2.10494e+21 -13.8258 -27.7018 273.844 
0.9125 0.1375 2.09005e+21 -26.7511 -7.95601 275.789 
0.5125 0.1625 2.10188e+21 37.3662 -2.10696 274.498 
0.6125 0.1625 2.07496e+21 28.9675 -14.0132 272.61 
0.7125 0.1625 2.09332e+21 9.53416 -23.0387 277.621 
0.8125 0.1625 2.12501e+21 -12.7524 -19.4812 274.773 
0.9125 0.1625 2.08004e+21 -31.0874 -10.1895 275.673 
0.5125 0.1875 2.07346e+21 40.8674 -0.0486495 275.155 
0.6125 0.1875 2.06526e+21 30.9009 -12.9022 274.015 
0.7125 0.1875 2.09555e+21 11.7647 -17.8641 276.274 
0.8125 0.1875 2.07444e+21 -14.5719 -17.3642 276.995 
0.9125 0.1875 2.09695e+21 -30.23 -6.72644 277.218 
0.5125 0.2125 2.06874e+21 45.9024 0.69995 274.489 
0.6125 0.2125 2.06204e+21 35.0675 -7.33713 272.832 
0.7125 0.2125 2.08009e+21 12.0972 -9.7855 275.716 
0.8125 0.2125 2.09685e+21 -14.9521 -8.1318 274.495 
0.9125 0.2125 2.05898e+21 -33.4801 -5.16003 276.883 
0.5125 0.2375 2.03995e+21 43.4292 1.53731 276.173 
0.6125 0.2375 2.0747e+21 36.1252 -2.58762 273.636 
0.7125 0.2375 2.08933e+21 7.82577 -6.23364 276.544 
0.8125 0.2375 2.10255e+21 -19.7547 -2.41048 274.856 
0.9125 0.2375 2.06137e+21 -32.1726 -1.48523 275.475 
0.5125 0.2625 2.04296e+21 45.7565 2.59198 277.419 
0.6125 0.2625 2.06905e+21 38.9145 2.31344 276.091 
0.7125 0.2625 2.07081e+21 15.1447 3.73764 277.461 
0.8125 0.2625 2.08082e+21 -16.5578 3.02009 275.866 
0.9125 0.2625 2.08684e+21 -37.6929 3.44283 276.498 
0.5125 0.2875 2.07652e+21 43.3428 1.46589 274.892 
0.6125 0.2875 2.10074e+21 36.3514 10.5006 276.998 
0.7125 0.2875 2.06879e+21 11.2228 10.3891 277.06 
0.8125 0.2875 2.09446e+21 -17.6579 9.31415 276.17 
0.9125 0.2875 2.09213e+21 -36.9022 8.01266 275.515 
0.5125 0.3125 2.07709e+21 44.893 1.52677 276.384 
0.6125 0.3125 2.08009e+21 35.5005 14.5061 274.19 
0.7125 0.3125 2.07843e+21 10.7887 17.9101 277.363 
0.8125 0.3125 2.07984e+21 -16.0454 18.4231 278.767 
0.9125 0.3125 2.06189e+21 -36.8472 13.2449 273.072 
0.5125 0.3375 2.06759e+21 39.7905 0.408191 275.403 
0.6125 0.3375 2.05266e+21 31.1684 18.783 273.764 
0.7125 0.3375 2.09088e+21 9.43513 22.6221 278.398 
0.8125 0.3375 2.08051e+21 -15.0202 21.6868 277.51 
0.9125 0.3375 2.09311e+21 -31.6247 12.7471 275.085 
0.5125 0.3625 2.0386e+21 36.6869 2.38322 270.645 
0.6125 0.3625 2.06972e+21 27.5258 20.7194 272.242 
0.7125 0.3625 2.0691e+21 6.10249 28.5294 274.618 
0.8125 0.3625 2.04866e+21 -10.9 27.6265 275.598 
0.9125 0.3625 2.07579e+21 -28.2833 14.7271 274.763 
0.5125 0.3875 2.06033e+21 30.5779 3.5686 272.006 
0.6125 0.3875 2.05271e+21 26.5624 23.1468 274.41 
0.7125 0.3875 2.09773e+21 6.60393 33.1586 275.964 
0.8125 0.3875 2.08928e+21 -9.09645 32.0121 276.614 
0.9125 0.3875 2.08564e+21 -23.6447 16.0171 272.871 
0.5125 0.4125 2.07885e+21 24.6117 5.64203 271.648 
0.6125 0.4125 2.06521e+21 17.401 27.1355 273.269 
0.7125 0.4125 2.06578e+21 6.34718 35.8959 276.697 
0.8125 0.4125 2.07724e+21 -8.4387 34.8304 278.196 
0.9125 0.4125 2.06775e+21 -19.9014 16.9767 272.714 
0.5125 0.4375 2.06931e+21 16.3415 3.97943 268.622 
0.6125 0.4375 2.05214e+21 14.3821 30.2822 273.378 
0.7125 0.4375 2.04944e+21 3.24412 41.0014 275.459 
0.8125 0.4375 2.06453e+21 -5.06545 38.1828 275.763 
0.9125 0.4375 2.07418e+21 -11.9853 15.3251 271.364 
0.5125 0.4625 2.08829e+21 9.665 5.13785 267.136 
0.6125 0.4625 2.0817e+21 10.3646 30.2085 271.352 
0.7125 0.4625 2.07024e+21 1.9158 44.7888 276.237 
0.8125 0.4625 2.05172e+21 -2.79921 40.4664 274.016 
0.9125 0.4625 2.11142e+21 -7.94058 16.2794 269.825 
0.5125 0.4875 2.06199e+21 1.65287 4.17842 267.304 
0.6125 0.4875 2.08201e+21 2.88729 31.1477 270.049 
0.7125 0.4875 2.06982e+21 1.75895 46.5996 274.51 
0.8125 0.4875 2.06562e+21 -2.88891 37.2097 272.873 
0.9125 0.4875 2.07558e+21 -4.62163 19.0598 268.44 
0.5375 0.0125 2.06178e+21 0.18874 -4.19506 271.278 
0.6375 0.0125 2.08922e+21 -3.29074 -28.441 271.478 
0.7375 0.0125 2.07371e+21 -2.42171 -42.6473 275.379 
0.8375 0.0125 2.06972e+21 -0.656416 -33.6183 275.396 
0.9375 0.0125 2.08658e+21 0.798648 -9.10911 273.434 
0.5375 0.0375 2.0593e+21 6.62142 -7.94954 271.527 
0.6375 0.0375 2.0705e+21 0.666827 -26.9659 273.342 
0.7375 0.0375 2.08025e+21 -1.23005 -42.5119 273.263 
0.8375 0.0375 2.08238e+21 -3.59104 -32.218 274.163 
0.9375 0.0375 2.08907e+21 -7.79533 -11.0941 272.857 
0.5375 0.0625 2.06178e+21 11.3786 -6.29177 270.412 
0.6375 0.0625 2.08819e+21 4.19478 -25.1055 271.666 
0.7375 0.0625 2.07548e+21 3.08859 -41.203 273.995 
0.8375 0.0625 2.07382e+21 -5.6813 -32.209 272.829 
0.9375 0.0625 2.07626e+21 -13.9795 -11.7631 271.649 
0.5375 0.0875 2.08793e+21 19.5213 -6.98447 270.523 
0.6375 0.0875 2.06931e+21 13.1766 -27.5536 275.584 
0.7375 0.0875 2.0414e+21 -1.60026 -40.3005 278.472 
0.8375 0.0875 2.07875e+21 -7.87746 -28.5833 274.908 
0.9375 0.0875 2.07008e+21 -20.3494 -9.75512 271.044 
0.5375 0.1125 2.06687e+21 25.8082 -6.54023 274.144 
0.6375 0.1125 2.06889e+21 17.7744 -20.6318 274.39 
0.7375 0.1125 2.06583e+21 1.11203 -30.6497 276.181 
0.8375 0.1125 2.06899e+21 -14.6482 -28.0321 276.012 
0.9375 0.1125 2.07439e+21 -22.4513 -4.73697 272.22 
0.5375 0.1375 2.0635e+21 27.361 -6.80696 274.561 
0.6375 0.1375 2.07102e+21 24.8395 -20.8023 273.959 
0.7375 0.1375 2.06765e+21 1.4566 -27.0773 276.779 
0.8375 0.1375 2.03652e+21 -18.9375 -22.9009 274.569 
0.9375 0.1375 2.08352e+21 -27.2496 -6.44974 274.259 
0.5375 0.1625 2.08191e+21 37.5785 -2.59106 275.474 
0.6375 0.1625 2.08497e+21 27.2175 -15.3844 275.336 
0.7375 0.1625 2.07071e+21 0.488654 -24.3638 275.626 
0.8375 0.1625 2.08113e+21 -20.3228 -18.005 275.685 
0.9375 0.1625 2.0761e+21 -32.7693 -5.85767 275.536 
0.5375 0.1875 2.07237e+21 40.9416 -4.06318 277.138 
0.6375 0.1875 2.08103e+21 29.0592 -13.1916 274.449 
0.7375 0.1875 2.09379e+21 3.41242 -18.1477 278.155 
0.8375 0.1875 2.07812e+21 -23.3304 -14.8284 275.186 
0.9375 0.1875 2.06085e+21 -35.1471 -5.29656 274.795 
0.5375 0.2125 2.07257e+21 41.9646 -4.94629 274.412 
0.6375 0.2125 2.08845e+21 28.9163 -10.1265 273.093 
0.7375 0.2125 2.08673e+21 4.71194 -13.3577 275.569 
0.8375 0.2125 2.11189e+21 -22.0377 -8.15232 275.71 
0.9375 0.2125 2.09062e+21 -35.4471 -2.90158 275.643 
0.5375 0.2375 2.02511e+21 42.5466 -2.76681 274.754 
0.6375 0.2375 2.06775e+21 29.095 -3.21304 277.446 
0.7375 0.2375 2.10188e+21 4.02047 -3.66461 275.438 
0.8375 0.2375 2.119e+21 -21.8439 -1.83191 275.739 
0.9375 0.2375 2.08113e+21 -37.0951 2.39805 274.238 
0.5375 0.2625 2.06718e+21 47.6757 0.78547 275.596 
0.6375 0.2625 2.07755e+21 30.2465 2.53013 275.488 
0.7375 0.2625 2.10188e+21 7.27895 3.87907 278.432 
0.8375 0.2625 2.09835e+21 -19.4749 6.13514 277.679 
0.9375 0.2625 2.07569e+21 -41.2885 3.35824 275.417 
0.5375 0.2875 2.05732e+21 44.0219 4.2796 274.553 
0.6375 0.2875 2.07724e+21 29.0622 7.60259 277.009 
0.7375 0.2875 2.05805e+21 2.79764 11.765 276.532 
0.8375 0.2875 2.09057e+21 -20.8469 11.1956 275.954 
0.9375 0.2875 2.07454e+21 -37.4667 6.55053 276.08 
0.5375 0.3125 2.06023e+21 44.7253 6.18079 274.147 
0.6375 0.3125 2.0927e+21 29.7577 15.6054 274.582 
0.7375 0.3125 2.05701e+21 6.86392 19.9206 275.119 
0.8375 0.3125 2.0748e+21 -21.3101 16.5699 279.113 
0.9375 0.3125 2.05172e+21 -39.0681 11.3397 274.408 
0.5375 0.3375 2.06412e+21 38.5153 4.97608 274.689 
0.6375 0.3375 2.05997e+21 25.7061 18.0714 274.969 
0.7375 0.3375 2.07672e+21 3.28592 24.7854 275.036 
0.8375 0.3375 2.11562e+21 -19.4021 21.6023 277.024 
0.9375 0.3375 2.08995e+21 -32.9161 9.97713 273.657 
0.5375 0.3625 2.0748e+21 34.3668 8.54035 272.723 
0.6375 0.3625 2.06708e+21 23.8527 26.062 275.419 
0.7375 0.3625 2.08953e+21 4.03062 31.2845 276 
0.8375 0.3625 2.09581e+21 -17.542 26.6469 272.969 
0.9375 0.3625 2.05623e+21 -29.4684 8.55451 272.922 
0.5375 0.3875 2.07864e+21 30.9793 11.7488 270.975 
0.6375 0.3875 2.07709e+21 22.2777 23.9681 275.166 
0.7375 0.3875 2.09306e+21 2.63556 31.358 276.206 
0.8375 0.3875 2.076e+21 -12.4396 29.4281 273.371 
0.9375 0.3875 2.03901e+21 -25.4366 11.371 273.135 
0.5375 0.4125 2.07838e+21 22.4401 8.44855 271.88 
0.6375 0.4125 2.06853e+21 20.1178 28.4535 270.606 
0.7375 0.4125 2.09669e+21 2.68651 35.8339 277.984 
0.8375 0.4125 2.06396e+21 -10.4127 29.7278 274.961 
0.9375 0.4125 2.07278e+21 -21.938 10.9532 275.949 
0.5375 0.4375 2.05203e+21 17.1251 12.477 269.126 
0.6375 0.4375 2.07413e+21 12.9687 34.0951 271.862 
0.7375 0.4375 2.09493e+21 3.47144 38.6529 277.319 
0.8375 0.4375 2.07729e+21 -8.8057 33.4543 273.083 
0.9375 0.4375 2.06785e+21 -13.8012 12.5176 271.997 
0.5375 0.4625 2.08098e+21 10.8702 13.0497 268.002 
0.6375 0.4625 2.08274e+21 8.75569 31.8851 272.683 
0.7375 0.4625 2.07454e+21 1.4095 44.517 273.941 
0.8375 0.4625 2.06495e+21 -3.49111 35.1748 272.509 
0.9375 0.4625 2.06951e+21 -5.7226 13.8108 271.792 
0.5375 0.4875 2.06339e+21 4.67707 12.3494 267.693 
0.6375 0.4875 2.06313e+21 2.19263 35.7562 272.143 
0.7375 0.4875 2.08673e+21 1.67617 44.9338 274.907 
0.8375 0.4875 2.08393e+21 1.3417 36.5381 273.058 
0.9375 0.4875 2.09047e+21 -1.43259 12.0745 271.448 
0.5875 0.0125 2.10209e+21 2.0364 -15.682 274.263 
0.6875 0.0125 2.0649e+21 -3.21658 -40.8713 275.93 
0.7875 0.0125 2.05582e+21 2.91605 -41.5001 274.869 
0.8875 0.0125 2.06293e+21 0.760775 -23.1103 271.435 
0.9875 0.0125 2.0789e+21 -2.21206 -1.15696 272.463 
0.5875 0.0375 2.06848e+21 3.88137 -15.5763 274.171 
0.6875 0.0375 2.07356e+21 0.33318 -39.9341 275.385 
0.7875 0.0375 2.04737e+21 1.76859 -38.3595 274 
0.8875 0.0375 2.06993e+21 -3.13287 -21.958 272.982 
0.9875 0.0375 2.06101e+21 -7.15684 -1.20398 270.833 
0.5875 0.0625 2.07169e+21 10.031 -17.3463 270.816 
0.6875 0.0625 2.06147e+21 4.75199 -35.9335 273.202 
0.7875 0.0625 2.06355e+21 -1.30341 -37.1795 275.904 
0.8875 0.0625 2.08627e+21 -9.49297 -20.3699 272.799 
0.9875 0.0625 2.06946e+21 -12.9924 -0.329475 273.718 
0.5875 0.0875 2.07117e+21 17.4913 -15.4599 272.687 
0.6875 0.0875 2.06791e+21 10.4818 -33.8937 274.16 
0.7875 0.0875 2.0705e+21 -4.40516 -35.1976 274.447 
0.8875 0.0875 2.05971e+21 -12.7167 -21.0028 271.749 
0.9875 0.0875 2.0762e+21 -19.6862 -3.48311 271.781 
0.5875 0.1125 2.05551e+21 24.8771 -15.9244 273.838 
0.6875 0.1125 2.06733e+21 10.9196 -30.9904 275.027 
0.7875 0.1125 2.08663e+21 -8.62078 -31.5907 276.137 
0.8875 0.1125 2.0746e+21 -16.7246 -17.3454 273.386 
0.9875 0.1125 2.09244e+21 -24.1261 -1.11831 270.734 
0.5875 0.1375 2.10183e+21 30.061 -12.5102 276.65 
0.6875 0.1375 2.07226e+21 16.2817 -28 276.884 
0.7875 0.1375 2.08943e+21 -8.24991 -30.3593 276.632 
0.8875 0.1375 2.05255e+21 -24.4254 -11.9636 275.35 
0.9875 0.1375 2.07745e+21 -27.4484 0.353473 274.533 
0.5875 0.1625 2.08933e+21 35.1322 -10.4275 275.307 
0.6875 0.1625 2.10312e+21 18.1717 -22.5243 278.365 
0.7875 0.1625 2.09462e+21 -7.20677 -23.442 277.579 
0.8875 0.1625 2.09005e+21 -23.973 -9.91135 273.902 
0.9875 0.1625 2.09431e+21 -34.4574 1.82148 277.624 
0.5875 0.1875 2.0691e+21 36.9122 -7.12329 275.093 
0.6875 0.1875 2.08585e+21 21.504 -17.8615 279.348 
0.7875 0.1875 2.07366e+21 -8.72014 -16.9176 277.773 
0.8875 0.1875 2.08108e+21 -31.7856 -9.79685 272.388 
0.9875 0.1875 2.0691e+21 -36.9837 1.25756 274.708 
0.5875 0.2125 2.06438e+21 37.3474 -6.35141 275.093 
0.6875 0.2125 2.08388e+21 18.2066 -9.73553 276.07 
0.7875 0.2125 2.08699e+21 -6.75458 -10.5327 276.533 
0.8875 0.2125 2.07641e+21 -29.1748 -5.09439 276.811 
0.9875 0.2125 2.05955e+21 -39.8112 0.253543 276.617 
0.5875 0.2375 2.05712e+21 42.2538 -1.94214 273.967 
0.6875 0.2375 2.07963e+21 17.0199 0.656249 274.75 
0.7875 0.2375 2.11339e+21 -11.2237 -3.2917 276.247 
0.8875 0.2375 2.07849e+21 -30.8669 -3.38404 274.559 
0.9875 0.2375 2.06381e+21 -41.7725 -0.73204 274.919 
0.5875 0.2625 2.06376e+21 38.3379 4.34574 277.703 
0.6875 0.2625 2.0858e+21 18.7277 1.78645 275.493 
0.7875 0.2625 2.07138e+21 -10.0772 2.75648 275.73 
0.8875 0.2625 2.09617e+21 -34.1432 3.19419 276.682 
0.9875 0.2625 2.06355e+21 -43.5071 2.75433 273.566 
0.5875 0.2875 2.07636e+21 37.7121 4.94305 273.38 
0.6875 0.2875 2.08212e+21 19.4671 6.79197 278.805 
0.7875 0.2875 2.0664e+21 -9.41013 11.186 274.034 
0.8875 0.2875 2.09291e+21 -34.5504 8.30228 274.805 
0.9875 0.2875 2.09353e+21 -40.2575 3.74042 274.658 
0.5875 0.3125 2.08253e+21 37.24 10.3028 272.886 
0.6875 0.3125 2.08741e+21 16.2982 15.5551 276.289 
0.7875 0.3125 2.06682e+21 -9.24166 16.5607 276.798 
0.8875 0.3125 2.12392e+21 -31.1907 12.2574 274.561 
0.9875 0.3125 2.06433e+21 -40.1194 3.82533 276.732 
0.5875 0.3375 2.09659e+21 33.6544 13.6912 274.955 
0.6875 0.3375 2.07958e+21 13.7783 22.3622 275.183 
0.7875 0.3375 2.07958e+21 -7.50947 21.3632 277.057 
0.8875 0.3375 2.07449e+21 -28.67 15.5792 273.788 
0.9875 0.3375 2.06868e+21 -32.0692 4.35253 272.258 
0.5875 0.3625 2.07076e+21 32.2572 16.6339 273.21 
0.6875 0.3625 2.0914e+21 12.1687 28.7009 276.794 
0.7875 0.3625 2.07543e+21 -7.00555 27.4761 279.204 
0.8875 0.3625 2.06427e+21 -27.6565 22.4885 271.433 
0.9875 0.3625 2.0622e+21 -29.1329 3.09048 271.701 
0.5875 0.3875 2.06251e+21 27.1333 21.5848 271.293 
0.6875 0.3875 2.05375e+21 10.626 31.5433 276.35 
0.7875 0.3875 2.06708e+21 -6.36338 35.5571 277.104 
0.8875 0.3875 2.0747e+21 -20.6738 21.8531 272.954 
0.9875 0.3875 2.08326e+21 -25.7982 3.67956 272.821 
0.5875 0.4125 2.06687e+21 19.9531 22.328 272.546 
0.6875 0.4125 2.05292e+21 10.2381 37.3984 275.803 
0.7875 0.4125 2.09934e+21 0.875061 36.16 276.317 
0.8875 0.4125 2.07169e+21 -16.5138 23.2799 273.033 
0.9875 0.4125 2.08279e+21 -17.8131 0.51712 271.254 
0.5875 0.4375 2.07745e+21 15.3174 23.1743 271.596 
0.6875 0.4375 2.08253e+21 4.35359 39.1673 275.453 
0.7875 0.4375 2.0956e+21 -0.177918 41.0795 274.582 
0.8875 0.4375 2.07377e+21 -9.84332 23.8624 273.783 
0.9875 0.4375 2.09036e+21 -13.0652 1.23043 270.568 
0.5875 0.4625 2.03424e+21 10.6201 22.8329 273.204 
0.6875 0.4625 2.04814e+21 6.26542 39.8088 271.161 
0.7875 0.4625 2.05411e+21 -0.429331 40.9338 274.321 
0.8875 0.4625 2.07128e+21 -7.68635 25.0178 271.371 
0.9875 0.4625 2.04747e+21 -6.95921 0.995496 269.775 
0.5875 0.4875 2.06173e+21 3.06724 22.5927 269.049 
0.6875 0.4875 2.06261e+21 4.43338 44.1528 275.147 
0.7875 0.4875 2.02636e+21 -1.4625 44.7596 273.615 
0.8875 0.4875 2.05795e+21 -1.75576 27.7355 274.226 
0.9875 0.4875 2.07423e+21 -0.54086 -0.275542 270.869 
0.5875 0.5125 2.07631e+21 -3.35835 25.1963 271.738 
0.6875 0.5125 2.07335e+21 1.41542 42.2026 275.71 
0.7875 0.5125 2.07003e+21 -2.66018 46.2358 274.692 
0.8875 0.5125 2.06044e+21 3.75344 28.1237 269.366 
0.9875 0.5125 2.07252e+21 4.50821 -1.04353 271.663 
0.5875 0.5375 2.0817e+21 -10.4072 27.2956 271.141 
0.6875 0.5375 2.08046e+21 -7.03042 41.4749 272.976 
0.7875 0.5375 2.09073e+21 2.20311 43.0671 274.972 
0.8875 0.5375 2.05686e+21 7.11106 23.389 273.753 
0.9875 0.5375 2.06469e+21 12.9359 0.603056 272.618 
0.5875 0.5625 2.06925e+21 -15.8428 21.2335 272.464 
0.6875 0.5625 2.06272e+21 -8.80049 38.1113 273.399 
0.7875 0.5625 2.08461e+21 4.07125 40.9505 275.7 
0.8875 0.5625 2.07112e+21 11.5245 23.0659 272.834 
0.9875 0.5625 2.05961e+21 16.9481 -3.12967 270.02 
0.5875 0.5875 2.06033e+21 -19.3993 20.7415 271.881 
0.6875 0.5875 2.05805e+21 -9.16102 35.258 273.572 
0.7875 0.5875 2.08549e+21 7.36914 35.5513 275.568 
0.8875 0.5875 2.07309e+21 17.5209 23.1548 272.513 
0.9875 0.5875 2.05743e+21 22.1329 -0.845539 269.919 
0.5875 0.6125 2.06163e+21 -26.9507 22.4707 269.706 
0.6875 0.6125 2.07122e+21 -10.4898 30.9441 274.495 
0.7875 0.6125 2.09571e+21 7.5315 32.5422 279.12 
0.8875 0.6125 2.09151e+21 22.4378 20.5362 271.749 
0.9875 0.6125 2.06396e+21 27.4356 -1.82843 274.019 
0.5875 0.6375 2.07382e+21 -30.1398 19.4673 271.926 
0.6875 0.6375 2.0983e+21 -15.1864 28.8715 273.472 
0.7875 0.6375 2.0871e+21 8.6251 31.0247 275.9 
0.8875 0.6375 2.08352e+21 24.4677 18.5946 273.111 
0.9875 0.6375 2.06246e+21 30.2261 -2.64657 271.933 
0.5875 0.6625 2.05385e+21 -32.8781 15.0002 272.604 
0.6875 0.6625 2.09737e+21 -15.027 24.713 276.217 
0.7875 0.6625 2.08762e+21 5.66466 21.8643 278.374 
0.8875 0.6625 2.06277e+21 28.3047 13.5238 276.176 
0.9875 0.6625 2.04363e+21 36.1082 -3.71199 273.677 
0.5875 0.6875 2.07786e+21 -36.3375 8.0066 274.398 
0.6875 0.6875 2.08746e+21 -13.2195 18.4131 276.821 
0.7875 0.6875 2.07849e+21 12.7469 16.0067 276.354 
0.8875 0.6875 2.05779e+21 32.1154 12.302 275.749 
0.9875 0.6875 2.05872e+21 36.2669 -1.71716 272.156 
0.5875 0.7125 2.09695e+21 -39.9038 5.58199 275.104 
0.6875 0.7125 2.10105e+21 -18.7676 12.9587 278.147 
0.7875 0.7125 2.10624e+21 11.9653 9.60846 277.535 
0.8875 0.7125 2.05048e+21 35.1401 5.35476 276.724 
0.9875 0.7125 2.05955e+21 40.7313 -1.42327 274.661 
0.5875 0.7375 2.05032e+21 -38.5724 3.86457 278.425 
0.6875 0.7375 2.07662e+21 -20.4403 5.09353 281.111 
0.7875 0.7375 2.09088e+21 10.6949 5.32836 276.86 
0.8875 0.7375 2.0996e+21 37.1728 3.47502 278.722 
0.9875 0.7375 2.04731e+21 42.6987 -0.422128 277.129 
0.5875 0.7625 2.05515e+21 -40.8784 -0.254766 276.06 
0.6875 0.7625 2.08497e+21 -17.5197 -3.65653 277.163 
0.7875 0.7625 2.09669e+21 10.0075 0.535246 275.753 
0.8875 0.7625 2.07314e+21 35.7949 -5.59644 277.248 
0.9875 0.7625 2.05312e+21 42.1444 -1.1266 276.952 
0.5875 0.7875 2.08124e+21 -41.2799 -5.33058 275.467 
0.6875 0.7875 2.08108e+21 -18.7799 -8.23677 275.562 
0.7875 0.7875 2.09011e+21 9.82299 -10.2357 278.638 
0.8875 0.7875 2.09197e+21 34.4904 -6.24148 274.241 
0.9875 0.7875 2.05701e+21 39.6459 -0.0507054 274.388 
0.5875 0.8125 2.08513e+21 -37.7927 -9.81695 276.693 
0.6875 0.8125 2.05919e+21 -15.1802 -15.9912 274.529 
0.7875 0.8125 2.07584e+21 6.34823 -13.9655 276.754 
0.8875 0.8125 2.08072e+21 29.8302 -13.113 275.938 
0.9875 0.8125 2.06687e+21 38.6547 0.32797 273.42 
0.5875 0.8375 2.072e+21 -33.5944 -12.7967 275.23 
0.6875 0.8375 2.06059e+21 -14.0416 -18.5638 276.577 
0.7875 0.8375 2.072e+21 11.391 -24.7873 274.234 
0.8875 0.8375 2.09104e+21 27.09 -15.0038 275.391 
0.9875 0.8375 2.04446e+21 33.0259 -3.53603 270.931 
0.5875 0.8625 2.06023e+21 -30.3125 -15.4497 275.007 
0.6875 0.8625 2.08144e+21 -13.4347 -21.7048 276.076 
0.7875 0.8625 2.08487e+21 6.36573 -29.2571 276.332 
0.8875 0.8625 2.08139e+21 25.2994 -18.0971 276.551 
0.9875 0.8625 2.08087e+21 29.24 0.337392 275.841 
0.5875 0.8875 2.07434e+21 -25.554 -18.5522 276.449 
0.6875 0.8875 2.09649e+21 -9.51964 -30.3341 275.233 
0.7875 0.8875 2.06557e+21 6.23623 -31.2317 276.403 
0.8875 0.8875 2.06842e+21 18.306 -20.1029 271.995 
0.9875 0.8875 2.07268e+21 19.3715 -2.87446 272.359 
0.5875 0.9125 2.09342e+21 -17.4468 -19.688 274.703 
0.6875 0.9125 2.07065e+21 -7.93394 -33.3002 275.906 
0.7875 0.9125 2.07854e+21 5.75583 -32.2061 275.95 
0.8875 0.9125 2.05473e+21 12.2264 -21.6245 274.144 
0.9875 0.9125 2.08108e+21 15.22 -1.45151 271.725 
0.5875 0.9375 2.07735e+21 -13.6485 -18.1611 272.855 
0.6875 0.9375 2.07247e+21 -7.74312 -36.3874 277.318 
0.7875 0.9375 2.0872e+21 5.27304 -36.4894 277.863 
0.8875 0.9375 2.06619e+21 6.82551 -22.4974 273.283 
0.9875 0.9375 2.07263e+21 11.7354 -1.47721 270.034 
0.5875 0.9625 2.08139e+21 -8.43359 -19.9647 270.769 
0.6875 0.9625 2.06121e+21 -5.21958 -37.4231 275.004 
0.7875 0.9625 2.06417e+21 3.2959 -37.2956 274.83 
0.8875 0.9625 2.0719e+21 3.07502 -25.2989 274.338 
0.9875 0.9625 2.08632e+21 6.91294 -0.623067 272.974 
0.5875 0.9875 2.07921e+21 -4.88424 -18.0289 270.742 
0.6875 0.9875 2.07506e+21 -4.51185 -38.8077 276.289 
0.7875 0.9875 2.07071e+21 -0.615298 -39.5739 274.219 
0.8875 0.9875 2.06324e+21 3.15142 -25.23 273.156 
0.9875 0.9875 2.0857e+21 -2.57649 0.646455 272.423 
0.5125 0.5125 2.0623e+21 -5.60137 4.94932 269.51 
0.6125 0.5125 2.06749e+21 -2.58178 32.0129 272.699 
0.7125 0.5125 2.06723e+21 -0.622938 48.2981 277.82 
0.8125 0.5125 2.07366e+21 0.566582 37.1451 273.15 
0.9125 0.5125 2.06889e+21 3.42964 17.7568 272.665 
0.5125 0.5375 2.07641e+21 -10.8977 5.41864 272.417 
0.6125 0.5375 2.08684e+21 -6.97616 31.6834 272.231 
0.7125 0.5375 2.04851e+21 -4.42887 45.138 273.126 
0.8125 0.5375 2.07304e+21 3.18353 39.3626 273.873 
0.9125 0.5375 2.06671e+21 9.47732 18.3899 270.258 
0.5125 0.5625 2.09566e+21 -18.5388 1.58971 270.107 
0.6125 0.5625 2.0608e+21 -12.6767 30.8031 272.187 
0.7125 0.5625 2.06578e+21 -5.55833 41.7698 270.546 
0.8125 0.5625 2.0788e+21 8.15917 40.2702 274.362 
0.9125 0.5625 2.07527e+21 11.6719 16.2964 272.536 
0.5125 0.5875 2.0775e+21 -24.6398 2.92847 271.961 
0.6125 0.5875 2.05758e+21 -17.9398 26.0823 270.331 
0.7125 0.5875 2.09483e+21 -5.62083 37.8094 275.716 
0.8125 0.5875 2.08009e+21 12.809 34.7035 275.82 
0.9125 0.5875 2.08129e+21 17.3804 15.1024 272.33 
0.5125 0.6125 2.09441e+21 -32.4775 2.86481 271.33 
0.6125 0.6125 2.05712e+21 -23.2414 26.1736 270.155 
0.7125 0.6125 2.0845e+21 -7.52634 33.9503 277.372 
0.8125 0.6125 2.06168e+21 10.3344 30.7289 275.066 
0.9125 0.6125 2.05058e+21 25.037 15.924 273.524 
0.5125 0.6375 2.06417e+21 -36.7794 2.94697 270.796 
0.6125 0.6375 2.06676e+21 -26.3933 21.6597 272.804 
0.7125 0.6375 2.08855e+21 -8.34245 30.6802 275.825 
0.8125 0.6375 2.09612e+21 10.7764 28.4373 275.483 
0.9125 0.6375 2.05473e+21 27.8907 13.1956 272.255 
0.5125 0.6625 2.04674e+21 -37.6552 0.0543149 273.163 
0.6125 0.6625 2.06427e+21 -28.0218 17.2927 273.289 
0.7125 0.6625 2.08471e+21 -9.46622 26.5723 276.555 
0.8125 0.6625 2.09649e+21 13.8306 20.7099 276.286 
0.9125 0.6625 2.07465e+21 31.067 10.9665 273.11 
0.5125 0.6875 2.04182e+21 -40.5234 0.968649 273.661 
0.6125 0.6875 2.06837e+21 -31.3507 12.2987 273.963 
0.7125 0.6875 2.10821e+21 -11.0757 20.8614 279.578 
0.8125 0.6875 2.08793e+21 17.1292 17.175 277.019 
0.9125 0.6875 2.06889e+21 33.1847 9.77592 273.125 
0.5125 0.7125 2.05841e+21 -46.0088 -0.978893 275.398 
0.6125 0.7125 2.09524e+21 -34.5736 6.29877 274.932 
0.7125 0.7125 2.09799e+21 -9.95247 10.9199 280.334 
0.8125 0.7125 2.09187e+21 19.8898 10.9599 277.915 
0.9125 0.7125 2.04073e+21 38.6952 5.4492 275.749 
0.5125 0.7375 2.05904e+21 -46.9758 -1.43437 275.96 
0.6125 0.7375 2.05681e+21 -35.3021 4.07723 275.247 
0.7125 0.7375 2.10639e+21 -12.014 4.11262 280.025 
0.8125 0.7375 2.0871e+21 18.6744 5.29695 278.169 
0.9125 0.7375 2.07714e+21 37.2404 0.856717 277.157 
0.5125 0.7625 2.0512e+21 -43.4833 0.515144 277.524 
0.6125 0.7625 2.06412e+21 -34.5954 -0.279866 275.145 
0.7125 0.7625 2.10048e+21 -13.88 -2.03664 278.699 
0.8125 0.7625 2.11028e+21 16.6228 -0.696769 278.28 
0.9125 0.7625 2.06931e+21 38.9785 -2.66247 276.383 
0.5125 0.7875 2.04156e+21 -42.3635 -0.66336 276.115 
0.6125 0.7875 2.07854e+21 -34.8185 -5.31672 274.892 
0.7125 0.7875 2.0733e+21 -10.6941 -8.63886 276.945 
0.8125 0.7875 2.0969e+21 16.5762 -6.82576 276.716 
0.9125 0.7875 2.05717e+21 34.5338 -6.23275 272.98 
0.5125 0.8125 2.06941e+21 -42.3574 -0.153903 272.935 
0.6125 0.8125 2.09633e+21 -32.2101 -8.37771 279.836 
0.7125 0.8125 2.07392e+21 -10.386 -12.4121 276.616 
0.8125 0.8125 2.06972e+21 16.9598 -14.0755 275.55 
0.9125 0.8125 2.07906e+21 34.0319 -10.4869 276.121 
0.5125 0.8375 2.08155e+21 -37.6711 -0.619014 273.649 
0.6125 0.8375 2.06313e+21 -28.7705 -10.2902 275.526 
0.7125 0.8375 2.07366e+21 -8.84019 -17.1865 277.693 
0.8125 0.8375 2.07117e+21 15.3807 -23.4509 272.549 
0.9125 0.8375 2.09768e+21 28.2266 -13.8131 274.071 
0.5125 0.8625 2.06822e+21 -34.3005 -1.13899 271.29 
0.6125 0.8625 2.07107e+21 -24.2609 -19.3066 274.534 
0.7125 0.8625 2.10032e+21 -7.69939 -26.034 276.29 
0.8125 0.8625 2.0802e+21 11.833 -26.9708 275.015 
0.9125 0.8625 2.06137e+21 24.9987 -11.8601 271.946 
0.5125 0.8875 2.08974e+21 -24.9232 -1.44507 271.082 
0.6125 0.8875 2.08341e+21 -22.0232 -22.1226 274.215 
0.7125 0.8875 2.06344e+21 -3.57221 -29.0089 274.23 
0.8125 0.8875 2.08715e+21 9.90407 -32.1268 276.599 
0.9125 0.8875 2.05997e+21 24.929 -15.2895 275.084 
0.5125 0.9125 2.07646e+21 -20.4838 -0.671607 272.112 
0.6125 0.9125 2.08741e+21 -16.6498 -23.0354 275.23 
0.7125 0.9125 2.05743e+21 -3.67961 -34.3322 275.252 
0.8125 0.9125 2.08144e+21 10.9255 -32.5624 275.477 
0.9125 0.9125 2.05307e+21 17.3215 -14.5184 270.838 
0.5125 0.9375 2.0829e+21 -14.4966 -2.64707 270.638 
0.6125 0.9375 2.08518e+21 -8.50728 -25.5075 274.187 
0.7125 0.9375 2.0886e+21 -3.74517 -40.3212 277.091 
0.8125 0.9375 2.08051e+21 6.66595 -34.8949 275.105 
0.9125 0.9375 2.06132e+21 6.98861 -16.8158 272.072 
0.5125 0.9625 2.04747e+21 -6.93843 -0.256306 273.763 
0.6125 0.9625 2.06267e+21 -7.50955 -25.4764 272.396 
0.7125 0.9625 2.07703e+21 -4.31546 -41.521 276.322 
0.8125 0.9625 2.06583e+21 4.61723 -38.2997 273.95 
0.9125 0.9625 2.07008e+21 2.5858 -20.3889 270.703 
0.5125 0.9875 2.07869e+21 -1.64901 -2.02163 270.92 
0.6125 0.9875 2.07154e+21 -6.55374 -26.3906 273.629 
0.7125 0.9875 2.08554e+21 -2.45984 -41.0756 275.069 
0.8125 0.9875 2.05411e+21 0.545436 -36.4864 273.993 
0.9125 0.9875 2.07921e+21 -0.792352 -18.9306 274.547 
0.5375 0.5125 2.0843e+21 -3.66958 13.0401 271.697 
0.6375 0.5125 2.05271e+21 -2.78776 36.3391 272.07 
0.7375 0.5125 2.05053e+21 0.356402 46.1527 277.02 
0.8375 0.5125 2.08393e+21 0.58404 35.7392 273.471 
0.9375 0.5125 2.07434e+21 2.30532 12.0408 272.902 
0.5375 0.5375 2.08404e+21 -10.1304 13.4187 268.806 
0.6375 0.5375 2.08258e+21 -7.26527 37.3361 273.546 
0.7375 0.5375 2.05307e+21 -0.214784 47.3535 273.168 
0.8375 0.5375 2.04586e+21 4.66658 35.3318 274.171 
0.9375 0.5375 2.07154e+21 6.24331 11.1161 273.189 
0.5375 0.5625 2.0554e+21 -17.2363 9.07109 270.355 
0.6375 0.5625 2.05577e+21 -11.0923 37.3531 272.089 
0.7375 0.5625 2.08139e+21 -0.903896 42.5822 274.814 
0.8375 0.5625 2.07304e+21 8.53383 33.3674 273.464 
0.9375 0.5625 2.06593e+21 16.2335 7.36014 270.459 
0.5375 0.5875 2.08819e+21 -22.2545 10.1372 271.752 
0.6375 0.5875 2.03995e+21 -16.6412 30.7718 274.113 
0.7375 0.5875 2.09218e+21 -4.98721 40.5424 277.638 
0.8375 0.5875 2.08891e+21 11.0436 30.19 274.383 
0.9375 0.5875 2.06562e+21 20.7086 8.86697 273.44 
0.5375 0.6125 2.06557e+21 -31.2291 9.05885 270.739 
0.6375 0.6125 2.06744e+21 -16.6713 28.3755 272.838 
0.7375 0.6125 2.08782e+21 -3.28849 35.5118 273.897 
0.8375 0.6125 2.07014e+21 12.3961 31.072 274.154 
0.9375 0.6125 2.07174e+21 24.3551 8.82666 273.43 
0.5375 0.6375 2.06993e+21 -35.5898 8.52839 270.148 
0.6375 0.6375 2.08497e+21 -23.1728 22.4631 272.726 
0.7375 0.6375 2.07195e+21 -4.9268 30.8005 273.99 
0.8375 0.6375 2.05743e+21 16.0862 23.596 273.641 
0.9375 0.6375 2.07159e+21 30.4429 4.84937 272.286 
0.5375 0.6625 2.06542e+21 -39.9892 6.25145 275.364 
0.6375 0.6625 2.10904e+21 -27.2823 20.7925 274.397 
0.7375 0.6625 2.1079e+21 -3.99813 25.2393 276.178 
0.8375 0.6625 2.0732e+21 17.5672 22.9142 274.146 
0.9375 0.6625 2.08258e+21 32.1456 8.29112 273.921 
0.5375 0.6875 2.05789e+21 -42.1449 2.87276 271.659 
0.6375 0.6875 2.07377e+21 -27.7229 13.7337 277.34 
0.7375 0.6875 2.09571e+21 -2.3756 19.8101 277.803 
0.8375 0.6875 2.06988e+21 22.0665 14.7125 274.796 
0.9375 0.6875 2.07486e+21 37.4054 7.4719 276.049 
0.5375 0.7125 2.06619e+21 -44.8914 0.402569 274.945 
0.6375 0.7125 2.08704e+21 -26.8338 9.3356 273.935 
0.7375 0.7125 2.0871e+21 -7.00556 13.7783 277.301 
0.8375 0.7125 2.08373e+21 20.8582 8.30251 276.002 
0.9375 0.7125 2.04534e+21 39.2881 2.57084 273.785 
0.5375 0.7375 2.04602e+21 -43.0036 -0.461838 276.001 
0.6375 0.7375 2.10862e+21 -31.0501 4.44559 276.249 
0.7375 0.7375 2.08207e+21 -6.19232 3.77801 276.863 
0.8375 0.7375 2.05898e+21 22.8983 3.54942 276.667 
0.9375 0.7375 2.06137e+21 43.7478 0.183832 274.701 
0.5375 0.7625 2.05556e+21 -41.5819 -3.73726 275.362 
0.6375 0.7625 2.06749e+21 -29.949 -2.118 276.107 
0.7375 0.7625 2.0831e+21 -5.46933 -2.67726 277.349 
0.8375 0.7625 2.09643e+21 24.645 -1.14269 277.197 
0.9375 0.7625 2.08061e+21 43.3751 -1.12441 276.171 
0.5375 0.7875 2.06495e+21 -41.2058 -2.32638 273.448 
0.6375 0.7875 2.10302e+21 -31.9074 -2.15901 276.916 
0.7375 0.7875 2.10857e+21 -5.40282 -6.46915 277.328 
0.8375 0.7875 2.0829e+21 22.4861 -5.99634 275.751 
0.9375 0.7875 2.07553e+21 39.2115 -5.19344 276.439 
0.5375 0.8125 2.06194e+21 -40.2404 -5.70943 274.618 
0.6375 0.8125 2.06661e+21 -32.3026 -11.5228 276.711 
0.7375 0.8125 2.07034e+21 -2.79816 -15.2491 278.542 
0.8375 0.8125 2.07133e+21 20.9315 -12.6989 275.826 
0.9375 0.8125 2.06552e+21 36.8257 -6.39285 275.331 
0.5375 0.8375 2.07076e+21 -38.8774 -3.04231 272.17 
0.6375 0.8375 2.06671e+21 -24.274 -14.5533 275.373 
0.7375 0.8375 2.07548e+21 -5.37201 -18.0102 278.715 
0.8375 0.8375 2.09031e+21 19.6236 -17.827 273.541 
0.9375 0.8375 2.07174e+21 31.9413 -5.89247 273.766 
0.5375 0.8625 2.07091e+21 -33.3126 -4.59844 273.98 
0.6375 0.8625 2.07454e+21 -19.2784 -19.5546 274.506 
0.7375 0.8625 2.09623e+21 -1.71966 -22.3685 275.859 
0.8375 0.8625 2.07397e+21 16.4303 -23.9527 272.916 
0.9375 0.8625 2.06547e+21 27.0408 -9.67241 273.664 
0.5375 0.8875 2.08518e+21 -26.9718 -8.3037 273.941 
0.6375 0.8875 2.11578e+21 -17.2371 -23.0662 276.304 
0.7375 0.8875 2.08601e+21 -2.10452 -31.1619 276.217 
0.8375 0.8875 2.0845e+21 12.1997 -28.463 273.588 
0.9375 0.8875 2.05328e+21 20.8543 -10.1176 273.653 
0.5375 0.9125 2.07397e+21 -24.2583 -10.1359 272.597 
0.6375 0.9125 2.09586e+21 -17.6448 -27.1726 274.696 
0.7375 0.9125 2.0732e+21 -1.31746 -36.3425 275.187 
0.8375 0.9125 2.07242e+21 9.64699 -29.8128 276.464 
0.9375 0.9125 2.07309e+21 12.4199 -10.1249 273.078 
0.5375 0.9375 2.07148e+21 -13.6349 -8.80098 271.959 
0.6375 0.9375 2.0817e+21 -10.6867 -30.429 272.863 
0.7375 0.9375 2.06754e+21 0.317683 -35.5696 276.325 
0.8375 0.9375 2.06407e+21 5.10268 -30.9624 275.655 
0.9375 0.9375 2.07397e+21 5.60844 -10.484 272.92 
0.5375 0.9625 2.07408e+21 -7.03688 -7.99974 273.053 
0.6375 0.9625 2.0732e+21 -7.29557 -31.963 272.931 
0.7375 0.9625 2.09949e+21 -0.719944 -42.4679 275.818 
0.8375 0.9625 2.06744e+21 1.67699 -33.4935 273.648 
0.9375 0.9625 2.08839e+21 3.09642 -9.3323 271.655 
0.5375 0.9875 2.05649e+21 1.03105 -8.10075 271.951 
0.6375 0.9875 2.09949e+21 -5.83804 -29.3687 270.888 
0.7375 0.9875 2.08108e+21 -3.24823 -40.7855 275.205 
0.8375 0.9875 2.07579e+21 -0.71252 -33.2308 275.055 
0.9375 0.9875 2.07304e+21 1.32889 -9.43688 274.126 
0.5625 0.5125 2.08212e+21 -7.32961 20.6345 269.996 
0.6625 0.5125 2.06339e+21 -1.12943 40.1961 273.492 
0.7625 0.5125 2.05281e+21 0.842168 49.7166 273.309 
0.8625 0.5125 2.05966e+21 2.16425 30.8025 275.89 
0.9625 0.5125 2.06593e+21 3.16435 7.54878 272.081 
0.5625 0.5375 2.06158e+21 -10.4626 18.2816 269.899 
0.6625 0.5375 2.06811e+21 -4.80287 38.1733 271.768 
0.7625 0.5375 2.0663e+21 2.62688 44.625 275.498 
0.8625 0.5375 2.06038e+21 6.41283 30.2269 274.134 
0.9625 0.5375 2.07252e+21 8.86256 5.00465 271.689 
0.5625 0.5625 2.08772e+21 -14.5002 17.9632 269.877 
0.6625 0.5625 2.07563e+21 -10.1381 37.3432 271.116 
0.7625 0.5625 2.07958e+21 1.34298 40.4894 273.261 
0.8625 0.5625 2.07812e+21 11.2758 26.9839 274.161 
0.9625 0.5625 2.04462e+21 12.2875 2.27523 270.668 
0.5625 0.5875 2.06485e+21 -21.9642 16.5332 274.113 
0.6625 0.5875 2.04643e+21 -15.3237 34.0963 273.639 
0.7625 0.5875 2.08383e+21 1.59333 38.0658 274.564 
0.8625 0.5875 2.0734e+21 14.149 27.8543 273.617 
0.9625 0.5875 2.04306e+21 20.838 2.1163 273.535 
0.5625 0.6125 2.05644e+21 -28.5065 16.8307 271.368 
0.6625 0.6125 2.06407e+21 -15.2789 30.9848 272.546 
0.7625 0.6125 2.07122e+21 3.16275 32.7181 276.839 
0.8625 0.6125 2.05748e+21 17.9691 28.4173 273.194 
0.9625 0.6125 2.07076e+21 26.7381 2.47053 272.394 
0.5625 0.6375 2.06427e+21 -31.8144 14.3632 273.975 
0.6625 0.6375 2.06775e+21 -17.6306 27.1992 274.729 
0.7625 0.6375 2.07885e+21 2.62242 29.9542 274.293 
0.8625 0.6375 2.07906e+21 19.4927 21.6979 275.07 
0.9625 0.6375 2.07071e+21 30.5503 0.666811 274.737 
0.5625 0.6625 2.06101e+21 -33.0923 9.76873 273.85 
0.6625 0.6625 2.07532e+21 -23.4909 22.3716 274.416 
0.7625 0.6625 2.08175e+21 1.91413 22.1199 275.838 
0.8625 0.6625 2.09534e+21 24.3414 18.699 275.753 
0.9625 0.6625 2.09151e+21 32.8929 2.68359 274.689 
0.5625 0.6875 2.05753e+21 -39.1337 8.14979 275.11 
0.6625 0.6875 2.07792e+21 -19.0341 17.6613 274.506 
0.7625 0.6875 2.12776e+21 2.85889 17.8337 275.935 
0.8625 0.6875 2.10058e+21 28.8099 14.4383 275.442 
0.9625 0.6875 2.05618e+21 37.0313 1.17419 273.913 
0.5625 0.7125 2.08201e+21 -42.3826 2.22083 275.066 
0.6625 0.7125 2.08725e+21 -21.8098 11.3311 276.399 
0.7625 0.7125 2.11059e+21 3.34174 13.7977 275.595 
0.8625 0.7125 2.05924e+21 29.2952 6.07814 276.058 
0.9625 0.7125 2.06547e+21 41.6114 -1.94138 276.678 
0.5625 0.7375 2.07771e+21 -44.0798 0.740638 275.827 
0.6625 0.7375 2.09664e+21 -21.083 2.09115 278.479 
0.7625 0.7375 2.09306e+21 2.50706 6.1167 276.389 
0.8625 0.7375 2.07444e+21 29.5656 1.97408 274.993 
0.9625 0.7375 2.06127e+21 42.1271 -1.49279 275.989 
0.5625 0.7625 2.0538e+21 -43.7447 -1.68564 276.523 
0.6625 0.7625 2.09259e+21 -24.9355 0.0751197 276.569 
0.7625 0.7625 2.0913e+21 0.363783 -0.911954 279.277 
0.8625 0.7625 2.09099e+21 28.9439 -5.23465 274.511 
0.9625 0.7625 2.03149e+21 41.6295 0.358598 276.315 
0.5625 0.7875 2.08315e+21 -43.0733 -4.26758 275.898 
0.6625 0.7875 2.08243e+21 -23.0191 -5.55724 276.993 
0.7625 0.7875 2.08092e+21 1.98659 -12.3695 278.456 
0.8625 0.7875 2.05442e+21 29.5519 -7.24176 276.075 
0.9625 0.7875 2.07501e+21 39.1513 -3.7771 274.106 
0.5625 0.8125 2.07937e+21 -41.2743 -5.76562 274.486 
0.6625 0.8125 2.06578e+21 -22.0217 -12.0166 276.999 
0.7625 0.8125 2.08264e+21 1.76021 -16.0993 276.057 
0.8625 0.8125 2.0622e+21 24.5751 -10.8678 275.124 
0.9625 0.8125 2.0498e+21 37.6401 -1.2163 271.598 
0.5625 0.8375 2.05141e+21 -37.0713 -8.31769 273.807 
0.6625 0.8375 2.0803e+21 -19.1366 -15.0226 274.22 
0.7625 0.8375 2.07984e+21 2.37928 -22.0552 277.481 
0.8625 0.8375 2.08902e+21 23.3854 -16.2416 274.916 
0.9625 0.8375 2.05499e+21 33.2629 -2.20198 276.042 
0.5625 0.8625 2.06671e+21 -33.5306 -11.2166 274.768 
0.6625 0.8625 2.09488e+21 -14.0287 -19.3665 274.229 
0.7625 0.8625 2.08549e+21 2.0223 -25.9795 277.9 
0.8625 0.8625 2.05831e+21 20.3059 -18.9171 273.713 
0.9625 0.8625 2.04897e+21 26.1763 -6.25219 273.697 
0.5625 0.8875 2.06858e+21 -27.2506 -13.4719 273.21 
0.6625 0.8875 2.08559e+21 -12.5958 -28.9971 274.315 
0.7625 0.8875 2.0609e+21 2.40297 -32.3002 276.668 
0.8625 0.8875 2.07537e+21 17.4665 -22.4209 275.677 
0.9625 0.8875 2.08373e+21 21.4958 -5.65794 273.334 
0.5625 0.9125 2.06293e+21 -22.5891 -14.1098 273.773 
0.6625 0.9125 2.08041e+21 -12.4073 -31.6373 274.602 
0.7625 0.9125 2.10167e+21 0.931504 -34.7245 275.927 
0.8625 0.9125 2.06972e+21 9.58441 -26.5446 274.306 
0.9625 0.9125 2.05847e+21 14.1073 -5.92448 274.437 
0.5625 0.9375 2.09586e+21 -14.3033 -11.4752 271.97 
0.6625 0.9375 2.08938e+21 -8.73363 -33.5805 277.729 
0.7625 0.9375 2.07553e+21 0.482844 -40.4273 277.238 
0.8625 0.9375 2.07076e+21 6.68481 -29.1978 276.239 
0.9625 0.9375 2.07491e+21 9.29281 -4.2784 273.945 
0.5625 0.9625 2.05623e+21 -6.7072 -12.7166 269.92 
0.6625 0.9625 2.06982e+21 -5.86268 -33.0492 273.745 
0.7625 0.9625 2.09508e+21 0.597518 -39.0239 275.098 
0.8625 0.9625 2.07356e+21 7.26014 -31.0474 275.667 
0.9625 0.9625 2.06863e+21 4.78776 -3.69816 270.351 
0.5625 0.9875 2.07932e+21 -0.844667 -12.6551 269.106 
0.6625 0.9875 2.05364e+21 -5.25879 -34.7567 275.437 
0.7625 0.9875 2.09e+21 1.16185 -40.5494 277.25 
0.8625 0.9875 2.07843e+21 2.50049 -27.8355 272.656 
0.9625 0.9875 2.08072e+21 0.24111 -3.57015 273.215 
