TITLE = "cavity_20000"
 VARIABLES = "X", "Y", "nrho", "U", "V","Temperature"
 ZONE  F=POINT
0.025 0.025 5.20322e+20 -1.18366 -0.0845555 275.247 
0.225 0.025 5.22072e+20 -2.5962 14.2249 274.679 
0.425 0.025 5.20179e+20 -1.9451 6.7227 274.835 
0.025 0.075 5.17301e+20 -4.44011 1.50643 278.065 
0.225 0.075 5.19362e+20 -3.9135 10.133 276.585 
0.425 0.075 5.24809e+20 3.67796 5.38662 277.924 
0.025 0.125 5.15459e+20 -7.9214 -0.711376 274.876 
0.225 0.125 5.20218e+20 -0.208621 9.01639 274.379 
0.425 0.125 5.15018e+20 8.10205 3.38367 275.235 
0.025 0.175 5.17845e+20 -9.22612 -2.35499 275.844 
0.225 0.175 5.19751e+20 -0.955265 5.9814 273.794 
0.425 0.175 5.16289e+20 13.5573 3.99184 275.192 
0.025 0.225 5.19297e+20 -11.2064 -1.27917 275.097 
0.225 0.225 5.21048e+20 -1.42702 3.51756 275.813 
0.425 0.225 5.17612e+20 15.9138 2.55587 276.471 
0.025 0.275 5.19894e+20 -14.2458 -0.104249 275.725 
0.225 0.275 5.19907e+20 -2.66142 -0.93134 277.417 
0.425 0.275 5.19868e+20 13.4483 2.79351 278.527 
0.025 0.325 5.17313e+20 -13.9407 -0.197822 276.903 
0.225 0.325 5.18597e+20 -2.72393 -7.44651 274.344 
0.425 0.325 5.16367e+20 18.0703 -4.34783 275.404 
0.025 0.375 5.15304e+20 -9.62921 -0.259571 273.599 
0.225 0.375 5.1922e+20 -2.84579 -13.1384 275.077 
0.425 0.375 5.13397e+20 14.0862 -7.26699 275.758 
0.025 0.425 5.16108e+20 -8.22956 -1.97794 274.381 
0.225 0.425 5.15991e+20 1.84618 -13.6829 276.989 
0.425 0.425 5.16873e+20 9.75522 -7.66648 277.272 
0.025 0.475 5.15368e+20 -2.41948 -0.287598 275.603 
0.225 0.475 5.19272e+20 -2.03615 -14.2668 278.367 
0.425 0.475 5.18273e+20 3.8586 -6.4898 274.18 
0.075 0.025 5.17936e+20 -1.94968 2.39917 273.744 
0.275 0.025 5.22747e+20 0.422677 13.1935 276.696 
0.475 0.025 5.218e+20 0.926457 5.02282 274.109 
0.075 0.075 5.2014e+20 -5.93478 3.23689 274.177 
0.275 0.075 5.19246e+20 0.652916 11.975 274.225 
0.475 0.075 5.17923e+20 5.3785 -0.798488 276.123 
0.075 0.125 5.19855e+20 -10.4594 3.20086 273.752 
0.275 0.125 5.16133e+20 3.47067 9.87959 276.104 
0.475 0.125 5.14188e+20 9.06576 -1.27435 272.942 
0.075 0.175 5.18234e+20 -8.96478 0.362226 275.827 
0.275 0.175 5.18299e+20 0.202859 8.86912 274.356 
0.475 0.175 5.14227e+20 14.8858 0.486199 274.745 
0.075 0.225 5.13229e+20 -12.8136 -0.308708 275.854 
0.275 0.225 5.2132e+20 2.4339 3.35266 275.447 
0.475 0.225 5.14461e+20 15.0906 0.751624 274.004 
0.075 0.275 5.18325e+20 -12.9038 -1.25709 275.245 
0.275 0.275 5.16419e+20 2.28717 -2.32672 277.133 
0.475 0.275 5.14175e+20 15.8409 2.07544 274.969 
0.075 0.325 5.18921e+20 -13.135 -1.8715 274.35 
0.275 0.325 5.18066e+20 5.32582 -9.00112 276.843 
0.475 0.325 5.15304e+20 16.9746 0.348479 274.289 
0.075 0.375 5.13216e+20 -9.85874 -0.758583 277.31 
0.275 0.375 5.20815e+20 4.62081 -12.6684 277.438 
0.475 0.375 5.15135e+20 14.7505 -6.5265 274.755 
0.075 0.425 5.18597e+20 -5.34573 -2.62259 276.321 
0.275 0.425 5.23629e+20 4.90715 -14.8655 274.025 
0.475 0.425 5.14668e+20 9.13783 -3.85862 276.312 
0.075 0.475 5.21541e+20 -2.18199 -6.04085 276.599 
0.275 0.475 5.22578e+20 1.33508 -13.5696 275.925 
0.475 0.475 5.16471e+20 4.86725 -2.792 278.614 
0.125 0.025 5.21865e+20 -0.559764 10.02 275.192 
0.325 0.025 5.23603e+20 0.372604 12.5356 276.327 
0.125 0.075 5.19725e+20 -3.41935 5.58968 273.981 
0.325 0.075 5.18675e+20 0.609363 12.6377 274.139 
0.125 0.125 5.20153e+20 -4.73641 3.46907 271.571 
0.325 0.125 5.16004e+20 4.45409 9.27823 274.87 
0.125 0.175 5.15978e+20 -6.95129 4.99355 275.16 
0.325 0.175 5.17002e+20 4.38056 8.91669 275.376 
0.125 0.225 5.16004e+20 -7.72654 0.237957 275.275 
0.325 0.225 5.21593e+20 6.30027 3.33388 276.483 
0.125 0.275 5.17106e+20 -10.0941 1.07589 275.777 
0.325 0.275 5.23512e+20 7.3116 -1.21644 274.918 
0.125 0.325 5.12321e+20 -9.99861 -1.39553 275.511 
0.325 0.325 5.19816e+20 8.58854 -8.15039 274.923 
0.125 0.375 5.11089e+20 -7.42433 -6.75914 273.336 
0.325 0.375 5.1695e+20 7.19971 -11.4794 275.422 
0.125 0.425 5.16237e+20 -3.68811 -6.47446 275.801 
0.325 0.425 5.23019e+20 8.14946 -9.6534 274.417 
0.125 0.475 5.17352e+20 -2.17788 -10.242 277.197 
0.325 0.475 5.23745e+20 2.82281 -16.4389 274.573 
0.175 0.025 5.20348e+20 0.420358 10.9841 274.632 
0.375 0.025 5.16639e+20 -0.552293 8.81941 275.239 
0.175 0.075 5.20983e+20 -1.72624 8.08572 276.594 
0.375 0.075 5.16367e+20 4.05946 11.4696 278.488 
0.175 0.125 5.23045e+20 -4.82557 8.13663 275.746 
0.375 0.125 5.19414e+20 5.62712 9.33983 275.003 
0.175 0.175 5.17871e+20 -4.80452 3.13013 277.641 
0.375 0.175 5.20646e+20 11.6447 5.37556 275.409 
0.175 0.225 5.16315e+20 -6.15063 -0.910313 275.38 
0.375 0.225 5.15861e+20 11.0593 4.90397 275.697 
0.175 0.275 5.18416e+20 -4.89389 -3.02946 274.525 
0.375 0.275 5.17002e+20 11.2785 -1.452 274.578 
0.175 0.325 5.15848e+20 -4.26756 -7.91257 273.285 
0.375 0.325 5.152e+20 11.691 -4.74379 275.886 
0.175 0.375 5.18714e+20 -6.69992 -11.4864 275.376 
0.375 0.375 5.16613e+20 12.6707 -9.21794 276.724 
0.175 0.425 5.1638e+20 -2.02877 -15.769 276.573 
0.375 0.425 5.18234e+20 9.00365 -10.4594 277.612 
0.175 0.475 5.16976e+20 -2.41697 -14.2047 275.887 
0.375 0.475 5.20218e+20 3.0996 -9.36476 275.358 
0.075 0.525 5.14124e+20 2.91606 -6.10303 277.327 
0.275 0.525 5.19194e+20 1.73754 -14.8853 274.232 
0.475 0.525 5.12969e+20 -4.83222 -0.629589 276.619 
0.075 0.575 5.20153e+20 5.20282 -3.12268 277.331 
0.275 0.575 5.20555e+20 -0.960249 -15.5378 275.891 
0.475 0.575 5.15835e+20 -5.25809 -0.236791 278.349 
0.075 0.625 5.24536e+20 8.80437 -3.42018 275.872 
0.275 0.625 5.18753e+20 -2.59485 -13.2754 275.192 
0.475 0.625 5.20283e+20 -11.828 -0.712481 276.424 
0.075 0.675 5.15628e+20 11.091 -2.73798 275.007 
0.275 0.675 5.20672e+20 -5.27335 -6.54919 273.509 
0.475 0.675 5.19583e+20 -14.0063 -1.91836 273.861 
0.075 0.725 5.18169e+20 14.2671 -3.41646 277.728 
0.275 0.725 5.19661e+20 0.815111 -4.78734 277.41 
0.475 0.725 5.19622e+20 -16.7643 -1.405 275.974 
0.075 0.775 5.23849e+20 12.1636 -0.106071 279.147 
0.275 0.775 5.14915e+20 -5.83105 1.8294 278.454 
0.475 0.775 5.18442e+20 -20.0384 -0.113438 274.255 
0.075 0.825 5.20542e+20 11.5488 1.49045 274.99 
0.275 0.825 5.15965e+20 -3.97249 5.53198 275.208 
0.475 0.825 5.13423e+20 -16.8138 0.554798 274.666 
0.075 0.875 5.18481e+20 6.19916 2.4025 275.341 
0.275 0.875 5.17132e+20 -6.00817 10.7158 273.939 
0.475 0.875 5.13449e+20 -14.6716 -0.0304693 277.445 
0.075 0.925 5.19336e+20 5.76577 3.60873 277.233 
0.275 0.925 5.19803e+20 -4.72467 16.3528 276.49 
0.475 0.925 5.15796e+20 -7.52434 1.08303 273.6 
0.075 0.975 5.19129e+20 1.48126 4.48814 276.342 
0.275 0.975 5.25107e+20 1.80063 11.5733 277.637 
0.475 0.975 5.18027e+20 -1.44633 1.35166 275.659 
0.025 0.525 5.20011e+20 2.38696 -0.768232 277.354 
0.225 0.525 5.16458e+20 1.90402 -15.1383 272.319 
0.425 0.525 5.12282e+20 -1.4044 -5.15999 276.589 
0.025 0.575 5.15861e+20 7.21002 -2.90876 275.25 
0.225 0.575 5.22669e+20 1.61545 -14.655 273.66 
0.425 0.575 5.16639e+20 -6.64396 -6.55526 277.119 
0.025 0.625 5.26494e+20 9.90402 1.28242 278.777 
0.225 0.625 5.23278e+20 1.0583 -9.61163 272.937 
0.425 0.625 5.14526e+20 -12.9268 -6.12119 275.519 
0.025 0.675 5.17715e+20 13.346 0.120413 276.222 
0.225 0.675 5.28011e+20 0.992871 -8.25904 273.418 
0.425 0.675 5.17443e+20 -15.0174 -2.43227 275.908 
0.025 0.725 5.20802e+20 12.486 -0.734008 276.555 
0.225 0.725 5.2311e+20 1.13827 -1.81868 273.565 
0.425 0.725 5.17288e+20 -19.9404 -0.325414 272.861 
0.025 0.775 5.21463e+20 12.2895 0.283354 276.567 
0.225 0.775 5.20983e+20 -0.0889317 1.41212 277.951 
0.425 0.775 5.20828e+20 -18.7237 1.10912 275.157 
0.025 0.825 5.18727e+20 11.7773 -0.279199 278.159 
0.225 0.825 5.12723e+20 0.61106 7.49176 276.141 
0.425 0.825 5.12204e+20 -11.717 0.709362 274.411 
0.025 0.875 5.20387e+20 8.17373 0.637705 278.624 
0.225 0.875 5.20413e+20 -0.0104434 11.1251 275.832 
0.425 0.875 5.12736e+20 -6.08743 4.15793 275.702 
0.025 0.925 5.17845e+20 2.55429 3.11023 278.538 
0.225 0.925 5.19777e+20 0.771212 11.7967 276.438 
0.425 0.925 5.2062e+20 -4.88749 4.40293 277.63 
0.025 0.975 5.15835e+20 -0.123068 -0.0490065 274.51 
0.225 0.975 5.16989e+20 0.237533 13.1265 276.007 
0.425 0.975 5.1214e+20 -3.63246 5.21928 277.937 
0.125 0.525 5.12788e+20 -0.588134 -9.24141 276.883 
0.325 0.525 5.15887e+20 -0.148019 -13.9394 277.358 
0.125 0.575 5.15628e+20 6.82772 -8.80239 277.484 
0.325 0.575 5.1673e+20 -4.78711 -14.4327 275.244 
0.125 0.625 5.27207e+20 8.22274 -7.85522 275.776 
0.325 0.625 5.19103e+20 -7.03997 -10.7303 273.71 
0.125 0.675 5.17197e+20 8.80451 -4.83877 274.527 
0.325 0.675 5.19998e+20 -11.8799 -9.39237 275.735 
0.125 0.725 5.21346e+20 9.49009 -2.41566 275.674 
0.325 0.725 5.19492e+20 -10.6989 -2.65966 277.088 
0.125 0.775 5.24186e+20 11.8303 0.92374 273.664 
0.325 0.775 5.18247e+20 -8.79597 2.15451 274.74 
0.125 0.825 5.21204e+20 7.35298 3.88388 277.354 
0.325 0.825 5.18558e+20 -7.01555 7.52271 276.617 
0.125 0.875 5.19712e+20 7.05677 5.91291 274.435 
0.325 0.875 5.25133e+20 -7.03481 8.5503 275.5 
0.125 0.925 5.20581e+20 3.23628 5.32914 276.473 
0.325 0.925 5.22163e+20 -4.91817 10.3486 276.326 
0.125 0.975 5.2394e+20 0.159061 9.96188 274.362 
0.325 0.975 5.14902e+20 -1.66836 11.771 276.776 
0.175 0.525 5.16043e+20 1.482 -13.12 278.143 
0.375 0.525 5.13696e+20 0.633114 -8.74153 274.218 
0.175 0.575 5.16665e+20 4.78674 -11.1264 276.066 
0.375 0.575 5.225e+20 -7.29035 -10.2016 276.429 
0.175 0.625 5.21372e+20 8.13826 -7.72537 275.35 
0.375 0.625 5.12762e+20 -11.9196 -10.7826 276.917 
0.175 0.675 5.23564e+20 5.27827 -4.80008 272.972 
0.375 0.675 5.17249e+20 -12.9157 -5.29357 276.777 
0.175 0.725 5.23758e+20 5.34958 -2.25249 275.091 
0.375 0.725 5.18779e+20 -12.5777 -2.14478 275.379 
0.175 0.775 5.20439e+20 5.29084 2.3735 273.645 
0.375 0.775 5.18701e+20 -11.5531 2.29706 275.592 
0.175 0.825 5.2228e+20 8.45924 8.6201 277.189 
0.375 0.825 5.19323e+20 -7.38908 5.35191 276.223 
0.175 0.875 5.16159e+20 6.57306 11.0715 276.959 
0.375 0.875 5.18506e+20 -8.6612 5.49373 275.806 
0.175 0.925 5.16108e+20 3.77702 10.3743 275.281 
0.375 0.925 5.21502e+20 -3.33494 6.78729 277.649 
0.175 0.975 5.13021e+20 1.5656 11.153 273.711 
0.375 0.975 5.18545e+20 -1.05761 9.19546 276.365 
0.525 0.025 5.14785e+20 0.451879 -3.50644 275.359 
0.725 0.025 5.10117e+20 2.0473 -13.8717 276.909 
0.925 0.025 5.24018e+20 -2.59066 -5.83591 277.756 
0.525 0.075 5.14759e+20 4.215 -4.67012 273.438 
0.725 0.075 5.13838e+20 0.856612 -9.83897 274.826 
0.925 0.075 5.22902e+20 -4.02973 -6.23909 277.298 
0.525 0.125 5.07964e+20 12.6329 -3.60372 274.459 
0.725 0.125 5.2097e+20 1.66761 -6.38099 274.497 
0.925 0.125 5.22669e+20 -9.35381 -2.55142 277.36 
0.525 0.175 5.20101e+20 12.8346 -0.234713 275.254 
0.725 0.175 5.15965e+20 3.10503 -4.03562 276.494 
0.925 0.175 5.15654e+20 -11.016 -0.984546 277.165 
0.525 0.225 5.2276e+20 14.2021 -0.0568752 273.781 
0.725 0.225 5.17015e+20 1.96356 -0.822331 279.422 
0.925 0.225 5.15031e+20 -9.84714 0.110907 277.57 
0.525 0.275 5.16095e+20 16.2862 0.905535 275.97 
0.725 0.275 5.22578e+20 2.32663 1.80123 279.68 
0.925 0.275 5.13514e+20 -12.2533 -0.246188 274.339 
0.525 0.325 5.1437e+20 17.4188 1.31887 275.897 
0.725 0.325 5.23927e+20 3.01407 5.77803 277.069 
0.925 0.325 5.2145e+20 -8.56503 5.3362 275.015 
0.525 0.375 5.1721e+20 14.2162 2.89419 275.282 
0.725 0.375 5.21904e+20 1.86656 11.8044 276.763 
0.925 0.375 5.23214e+20 -12.4519 6.56432 275.859 
0.525 0.425 5.18429e+20 8.29055 3.13923 275.125 
0.725 0.425 5.23227e+20 3.13741 15.3586 278.004 
0.925 0.425 5.16393e+20 -6.79402 4.26447 274.768 
0.525 0.475 5.14707e+20 3.87114 2.00541 278.427 
0.725 0.475 5.2311e+20 2.1454 18.8251 275.877 
0.925 0.475 5.18273e+20 -1.43735 7.96709 276.447 
0.625 0.025 5.12425e+20 1.07031 -13.5961 275.48 
0.825 0.025 5.21022e+20 -3.04778 -12.6905 277.818 
0.625 0.075 5.16211e+20 1.6774 -8.74499 277.531 
0.825 0.075 5.26248e+20 -1.75928 -11.9374 275.31 
0.625 0.125 5.18014e+20 8.35717 -5.47813 275.883 
0.825 0.125 5.19609e+20 -4.83141 -7.9436 275.074 
0.625 0.175 5.19103e+20 11.3681 -4.39175 272.938 
0.825 0.175 5.16354e+20 -5.54895 -3.76404 274.466 
0.625 0.225 5.17664e+20 12.9763 -0.90848 275.718 
0.825 0.225 5.16393e+20 -12.149 -2.85789 274.362 
0.625 0.275 5.22189e+20 13.464 2.4005 278.519 
0.825 0.275 5.14979e+20 -7.94754 2.47932 276.614 
0.625 0.325 5.17275e+20 11.5179 3.93267 276.847 
0.825 0.325 5.18066e+20 -7.71313 3.19813 277.09 
0.625 0.375 5.13294e+20 9.91155 10.1031 275.27 
0.825 0.375 5.19661e+20 -4.55854 10.3011 274.805 
0.625 0.425 5.20127e+20 6.93487 9.97191 277.705 
0.825 0.425 5.2049e+20 -3.4241 13.5501 273.288 
0.625 0.475 5.16432e+20 3.62832 15.0038 276.019 
0.825 0.475 5.18208e+20 0.457968 13.6081 275.072 
0.675 0.025 5.20555e+20 -0.429974 -14.0052 277.804 
0.875 0.025 5.19842e+20 -0.784802 -7.78126 274.97 
0.675 0.075 5.20075e+20 -1.36987 -11.7716 275.102 
0.875 0.075 5.26326e+20 -3.23908 -6.99307 277.56 
0.675 0.125 5.17715e+20 5.63432 -9.45829 275.025 
0.875 0.125 5.19933e+20 -6.46005 -6.79283 277.475 
0.675 0.175 5.20011e+20 7.38433 -4.32312 273.141 
0.875 0.175 5.11802e+20 -4.64514 -2.48697 274.818 
0.675 0.225 5.21709e+20 9.62393 -1.9659 273.277 
0.875 0.225 5.11556e+20 -8.0592 -1.88738 272.79 
0.675 0.275 5.16146e+20 6.02518 1.7325 274.039 
0.875 0.275 5.16432e+20 -9.93063 2.17311 277.195 
0.675 0.325 5.20931e+20 8.73896 6.11142 274.626 
0.875 0.325 5.19894e+20 -9.22614 4.93597 276.025 
0.675 0.375 5.15291e+20 3.28569 9.09116 277.449 
0.875 0.375 5.20335e+20 -7.51015 8.7611 274.957 
0.675 0.425 5.13955e+20 3.39949 15.4588 276.176 
0.875 0.425 5.23473e+20 -5.02872 7.65318 275.547 
0.675 0.475 5.21606e+20 1.43908 16.3126 273.324 
0.875 0.475 5.19518e+20 -1.13257 11.3805 273.94 
0.575 0.025 5.11958e+20 0.182147 -6.11402 275.166 
0.775 0.025 5.18753e+20 1.49985 -12.2208 276.609 
0.975 0.025 5.19388e+20 -1.62477 -0.819519 275.209 
0.575 0.075 5.15667e+20 3.14702 -5.86694 274.873 
0.775 0.075 5.19829e+20 -1.78751 -13.6475 275.094 
0.975 0.075 5.15252e+20 -3.56634 -0.262449 276.556 
0.575 0.125 5.17741e+20 9.14455 -2.00312 272.539 
0.775 0.125 5.22786e+20 -3.89408 -8.84969 275.751 
0.975 0.125 5.24225e+20 -5.16034 -3.01316 273.29 
0.575 0.175 5.12269e+20 15.1748 -2.93483 274.219 
0.775 0.175 5.15381e+20 -4.81308 -3.22672 277.035 
0.975 0.175 5.15304e+20 -9.12652 -2.69274 274.892 
0.575 0.225 5.16082e+20 16.0712 0.248561 276.621 
0.775 0.225 5.17612e+20 -2.06957 -1.70838 278.568 
0.975 0.225 5.14474e+20 -11.5525 -0.552938 275.194 
0.575 0.275 5.17262e+20 17.4069 -0.29167 278.735 
0.775 0.275 5.1673e+20 -1.70689 1.39314 273.069 
0.975 0.275 5.18818e+20 -8.25127 -2.06655 274.046 
0.575 0.325 5.24005e+20 12.5018 3.03748 276.182 
0.775 0.325 5.17443e+20 -0.442337 3.9036 274.37 
0.975 0.325 5.19336e+20 -11.936 -1.71618 273.944 
0.575 0.375 5.22591e+20 12.1043 5.14565 273.813 
0.775 0.375 5.24523e+20 -3.18948 11.9208 275.75 
0.975 0.375 5.17313e+20 -11.1339 1.08362 276.479 
0.575 0.425 5.25496e+20 9.846 6.3602 276.242 
0.775 0.425 5.17936e+20 -1.40526 15.9887 275.407 
0.975 0.425 5.2276e+20 -6.50081 -0.569585 276.757 
0.575 0.475 5.21048e+20 4.00924 8.85285 276.65 
0.775 0.475 5.17741e+20 -2.46072 16.7359 275.403 
0.975 0.475 5.18325e+20 -4.77423 4.25726 276.173 
0.575 0.525 5.17664e+20 -2.66906 6.07189 276.385 
0.775 0.525 5.23421e+20 0.20724 19.9865 275.111 
0.975 0.525 5.21385e+20 6.34713 2.4703 274.787 
0.575 0.575 5.21995e+20 -10.8952 6.52273 275.747 
0.775 0.575 5.20555e+20 1.53946 16.26 273.213 
0.975 0.575 5.20724e+20 4.96976 1.03881 277.387 
0.575 0.625 5.16146e+20 -11.8011 4.78986 275.081 
0.775 0.625 5.18675e+20 0.911715 9.32309 274.008 
0.975 0.625 5.18831e+20 8.25654 -0.693982 277.132 
0.575 0.675 5.25262e+20 -14.0462 6.52401 275.261 
0.775 0.675 5.14098e+20 2.25895 7.33123 275.315 
0.975 0.675 5.19479e+20 12.1887 0.227527 275.463 
0.575 0.725 5.25068e+20 -12.9171 1.39212 277.473 
0.775 0.725 5.18455e+20 4.02407 5.45047 274.782 
0.975 0.725 5.26572e+20 12.9239 1.91369 277.008 
0.575 0.775 5.15822e+20 -13.9847 -3.28113 276.651 
0.775 0.775 5.31759e+20 4.16311 -4.31437 277.368 
0.975 0.775 5.23577e+20 12.5165 1.03472 279.354 
0.575 0.825 5.19025e+20 -12.0779 -3.68921 273.118 
0.775 0.825 5.22721e+20 2.48404 -5.75838 275.58 
0.975 0.825 5.16561e+20 11.2408 -1.16359 276.149 
0.575 0.875 5.20529e+20 -10.5202 -5.0426 274.294 
0.775 0.875 5.23356e+20 3.47002 -8.01777 276.917 
0.975 0.875 5.18831e+20 7.71508 -2.86114 277.474 
0.575 0.925 5.14435e+20 -6.92951 -8.97036 273.42 
0.775 0.925 5.18532e+20 0.795852 -11.4965 275.216 
0.975 0.925 5.23252e+20 3.15972 -0.487459 277.047 
0.575 0.975 5.211e+20 -5.37785 -6.74216 274.448 
0.775 0.975 5.18844e+20 -1.238 -13.0803 275.154 
0.975 0.975 5.19712e+20 0.575096 -1.05252 278.549 
0.625 0.525 5.1638e+20 -1.29926 12.5325 272.71 
0.825 0.525 5.22993e+20 -0.25169 15.7056 273.301 
0.625 0.575 5.16159e+20 -7.36185 9.81525 277.027 
0.825 0.575 5.24212e+20 3.21646 15.7624 276.319 
0.625 0.625 5.18299e+20 -9.57475 10.6889 276.504 
0.825 0.625 5.15978e+20 6.41333 12.2015 273.97 
0.625 0.675 5.18714e+20 -12.1414 5.11301 275.698 
0.825 0.675 5.17495e+20 6.02642 8.06123 276.388 
0.625 0.725 5.2215e+20 -11.5537 1.54356 276.389 
0.825 0.725 5.14059e+20 7.216 4.67529 275.606 
0.625 0.775 5.18312e+20 -11.0236 -0.503718 275.692 
0.825 0.775 5.21632e+20 10.6638 -0.621581 275.94 
0.625 0.825 5.16276e+20 -10.4882 -4.20275 275.204 
0.825 0.825 5.16924e+20 4.71346 -5.87508 275.902 
0.625 0.875 5.12775e+20 -6.61682 -9.85937 275.992 
0.825 0.875 5.25159e+20 6.14854 -10.1535 275.334 
0.625 0.925 5.1743e+20 -4.85017 -11.1954 273.467 
0.825 0.925 5.19972e+20 3.29803 -9.42205 274.059 
0.625 0.975 5.21268e+20 -1.37526 -13.0602 274.955 
0.825 0.975 5.16574e+20 1.68367 -11.0505 276.711 
0.675 0.525 5.14876e+20 -1.57504 14.194 275.69 
0.875 0.525 5.18066e+20 1.44197 10.4135 274.906 
0.675 0.575 5.19116e+20 -5.4623 14.0649 276.929 
0.875 0.575 5.22008e+20 6.47922 9.37604 275.913 
0.675 0.625 5.24497e+20 -7.18212 12.9943 277.24 
0.875 0.625 5.18104e+20 7.55941 7.24286 278.819 
0.675 0.675 5.18156e+20 -8.40117 8.01363 277.565 
0.875 0.675 5.18506e+20 9.46938 5.34058 275.725 
0.675 0.725 5.19998e+20 -9.22984 3.25297 278.613 
0.875 0.725 5.15744e+20 11.7505 4.0553 277.383 
0.675 0.775 5.20348e+20 -8.59233 -1.50383 276.871 
0.875 0.775 5.17404e+20 9.84973 -3.76281 275.584 
0.675 0.825 5.24964e+20 -5.89976 -7.76227 277.59 
0.875 0.825 5.21281e+20 10.3413 -3.88992 277.918 
0.675 0.875 5.22812e+20 -5.069 -9.55125 277.76 
0.875 0.875 5.22889e+20 6.0789 -8.52855 278.469 
0.675 0.925 5.1686e+20 -1.52679 -12.7492 276.79 
0.875 0.925 5.14824e+20 6.75716 -8.68825 278.005 
0.675 0.975 5.14085e+20 0.106941 -10.2835 277.359 
0.875 0.975 5.17845e+20 2.00176 -9.15572 276.151 
0.525 0.525 5.16328e+20 -3.40896 3.57583 276.368 
0.725 0.525 5.2241e+20 -1.78699 20.3552 276.921 
0.925 0.525 5.13722e+20 3.29067 4.51512 276.276 
0.525 0.575 5.16445e+20 -7.44199 3.483 275.538 
0.725 0.575 5.17897e+20 -1.9482 15.4162 276.091 
0.925 0.575 5.13709e+20 5.92588 2.10326 275.897 
0.525 0.625 5.23551e+20 -11.5955 3.44151 275.718 
0.725 0.625 5.15174e+20 -4.12104 9.72271 277.018 
0.925 0.625 5.21593e+20 7.40737 4.14424 275.333 
0.525 0.675 5.14785e+20 -15.5023 3.04988 275.276 
0.725 0.675 5.19284e+20 -2.63406 5.091 274.522 
0.925 0.675 5.1494e+20 8.73939 4.28466 277.968 
0.525 0.725 5.2442e+20 -15.1548 1.61631 276.727 
0.725 0.725 5.24407e+20 -3.78979 4.76749 276.919 
0.925 0.725 5.21709e+20 11.4603 0.0108827 277.653 
0.525 0.775 5.19894e+20 -20.6594 -1.55327 276.206 
0.725 0.775 5.19349e+20 -1.37094 -3.90776 275.449 
0.925 0.775 5.2477e+20 12.1511 -0.640779 276.838 
0.525 0.825 5.17728e+20 -17.8924 -1.26444 275.195 
0.725 0.825 5.28919e+20 -1.69819 -8.22745 276.417 
0.925 0.825 5.18558e+20 10.3652 -0.476627 274.209 
0.525 0.875 5.18234e+20 -14.2648 -2.46072 274.698 
0.725 0.875 5.18753e+20 -0.799988 -9.99615 277.657 
0.925 0.875 5.16769e+20 7.5003 -4.15302 275.729 
0.525 0.925 5.1931e+20 -7.66327 -3.28458 276.334 
0.725 0.925 5.17482e+20 0.159237 -13.7965 275.023 
0.925 0.925 5.18506e+20 3.73297 -2.99246 277.799 
0.525 0.975 5.15304e+20 -2.12977 -2.67903 275.596 
0.725 0.975 5.16911e+20 1.44573 -14.1002 276.025 
0.925 0.975 5.13812e+20 1.17783 -5.91634 275.482 
