0.025000 0.025000 -10.875342 8.887003 265.251681
0.025000 0.075000 -26.471964 10.934449 269.857780
0.025000 0.125000 -39.406591 11.056409 268.135975
0.025000 0.175000 -45.936755 7.451007 271.712497
0.025000 0.225000 -51.487399 7.327304 274.245716
0.025000 0.275000 -54.291013 3.867832 273.785036
0.025000 0.325000 -44.895739 1.282046 270.205278
0.025000 0.375000 -36.743839 -1.383261 270.379975
0.025000 0.425000 -24.134417 -3.951671 267.462198
0.025000 0.475000 -4.697782 -7.467209 265.898651
0.025000 0.525000 10.794626 -8.891620 266.459679
0.025000 0.575000 25.912736 -9.874400 267.194689
0.025000 0.625000 37.850217 -9.359498 271.946039
0.025000 0.675000 48.160762 -8.001496 271.231553
0.025000 0.725000 50.560374 -6.962268 273.220076
0.025000 0.775000 53.390147 -3.941380 273.452198
0.025000 0.825000 48.052343 -1.085491 271.966440
0.025000 0.875000 34.565940 3.219169 270.283373
0.025000 0.925000 22.981785 3.833744 267.410847
0.025000 0.975000 6.340909 8.115226 264.531001
0.075000 0.025000 -9.780333 26.560073 266.189503
0.075000 0.075000 -24.595800 23.869159 268.865391
0.075000 0.125000 -36.776556 21.751951 272.507722
0.075000 0.175000 -44.115472 14.440372 274.291357
0.075000 0.225000 -47.542867 6.698813 275.034012
0.075000 0.275000 -47.702112 0.807085 274.954888
0.075000 0.325000 -41.782200 -5.164027 273.731516
0.075000 0.375000 -31.555745 -14.391614 270.300096
0.075000 0.425000 -17.918760 -19.526258 270.330867
0.075000 0.475000 -3.442502 -25.064489 266.703745
0.075000 0.525000 10.061765 -25.137719 268.465572
0.075000 0.575000 22.121761 -22.929038 272.495579
0.075000 0.625000 36.220571 -20.072122 271.861859
0.075000 0.675000 41.997043 -17.395511 274.199669
0.075000 0.725000 44.699506 -12.078474 274.606461
0.075000 0.775000 46.837404 -2.693374 274.759063
0.075000 0.825000 40.147485 8.019500 272.331223
0.075000 0.875000 31.256168 11.270235 270.383862
0.075000 0.925000 18.941858 20.861113 266.769455
0.075000 0.975000 3.216481 23.388537 266.849811
0.125000 0.025000 -11.234769 38.419865 268.393331
0.125000 0.075000 -21.107931 33.818229 274.651115
0.125000 0.125000 -30.824912 29.693814 273.724186
0.125000 0.175000 -31.472081 22.528796 277.751139
0.125000 0.225000 -40.355305 11.893300 278.293470
0.125000 0.275000 -36.169606 -1.957759 277.714924
0.125000 0.325000 -32.219991 -14.475672 274.487712
0.125000 0.375000 -23.711172 -24.901888 271.085889
0.125000 0.425000 -11.858819 -30.904900 270.958339
0.125000 0.475000 -2.169529 -35.017486 268.561815
0.125000 0.525000 10.502478 -38.301042 270.821245
0.125000 0.575000 19.294798 -34.882840 272.757696
0.125000 0.625000 30.422490 -30.474213 273.307727
0.125000 0.675000 33.001779 -19.980277 276.357472
0.125000 0.725000 37.209969 -11.095320 279.035305
0.125000 0.775000 36.694923 0.538132 279.096062
0.125000 0.825000 29.816322 12.482404 275.611054
0.125000 0.875000 23.879228 24.293842 274.035911
0.125000 0.925000 16.648449 31.065024 270.703494
0.125000 0.975000 3.231366 39.432256 269.212722
0.175000 0.025000 -9.009351 47.670057 271.527475
0.175000 0.075000 -14.156329 44.418895 273.103814
0.175000 0.125000 -19.147754 36.600412 275.691822
0.175000 0.175000 -22.446213 23.842919 279.502554
0.175000 0.225000 -25.920536 8.642212 280.676371
0.175000 0.275000 -21.961967 -6.081071 279.680549
0.175000 0.325000 -19.685640 -17.620489 276.949877
0.175000 0.375000 -12.402141 -30.846557 276.243605
0.175000 0.425000 -7.070687 -39.606167 274.778804
0.175000 0.475000 2.186387 -47.458665 272.074083
0.175000 0.525000 8.955405 -46.951355 270.836584
0.175000 0.575000 15.747118 -44.140030 274.726684
0.175000 0.625000 20.826239 -32.902543 276.379962
0.175000 0.675000 24.625539 -23.715858 278.053882
0.175000 0.725000 24.494402 -10.320711 279.836090
0.175000 0.775000 22.710486 3.286037 281.545504
0.175000 0.825000 18.236775 20.441997 279.015343
0.175000 0.875000 11.554459 32.954086 276.046471
0.175000 0.925000 7.361933 40.886957 274.301553
0.175000 0.975000 -0.977617 47.536495 271.375021
0.225000 0.025000 -7.107744 53.965522 271.625817
0.225000 0.075000 -7.562554 45.650903 274.661552
0.225000 0.125000 -10.239356 37.328616 276.170045
0.225000 0.175000 -9.404453 23.841342 280.218578
0.225000 0.225000 -7.893873 11.298458 283.424422
0.225000 0.275000 -6.216889 -8.441816 281.352934
0.225000 0.325000 -3.803469 -21.850462 279.470080
0.225000 0.375000 -1.214685 -36.048008 277.425374
0.225000 0.425000 0.659595 -47.889817 274.460834
0.225000 0.475000 3.029023 -54.236189 272.195588
0.225000 0.525000 4.699298 -51.588938 272.595303
0.225000 0.575000 8.093439 -45.805104 274.933106
0.225000 0.625000 9.985386 -37.775166 279.018396
0.225000 0.675000 11.803728 -21.710932 281.059920
0.225000 0.725000 6.847703 -10.277153 281.289384
0.225000 0.775000 6.418241 6.416402 281.327573
0.225000 0.825000 4.645175 23.526588 280.111065
0.225000 0.875000 2.134476 36.919078 279.799273
0.225000 0.925000 -0.659844 48.865450 275.310128
0.225000 0.975000 -4.891494 50.448843 273.435803
0.275000 0.025000 -5.530917 51.646016 275.480429
0.275000 0.075000 -3.497277 48.946379 275.505132
0.275000 0.125000 1.854718 38.388824 275.349741
0.275000 0.175000 2.518849 23.835928 279.001963
0.275000 0.225000 6.962305 6.630433 282.365165
0.275000 0.275000 9.704678 -9.055779 282.429788
0.275000 0.325000 9.403829 -24.306424 278.768516
0.275000 0.375000 11.278249 -37.277738 276.192163
0.275000 0.425000 7.816016 -47.106925 272.837927
0.275000 0.475000 7.748120 -53.492148 274.672596
0.275000 0.525000 4.505928 -51.732363 272.134923
0.275000 0.575000 0.965425 -43.977343 273.876039
0.275000 0.625000 -2.327823 -39.555055 279.353277
0.275000 0.675000 -2.414426 -23.260351 277.331325
0.275000 0.725000 -8.101908 -6.509728 282.945646
0.275000 0.775000 -9.453094 9.894463 281.833432
0.275000 0.825000 -10.761587 25.963502 281.358583
0.275000 0.875000 -10.770064 36.881354 277.825210
0.275000 0.925000 -8.844449 47.374794 273.962658
0.275000 0.975000 -7.743576 51.275377 273.835880
0.325000 0.025000 -2.678671 47.959350 272.421270
0.325000 0.075000 6.940588 40.682934 272.176342
0.325000 0.125000 15.064551 32.383980 277.703622
0.325000 0.175000 21.647048 18.414964 278.956723
0.325000 0.225000 23.479827 5.170047 279.033141
0.325000 0.275000 25.386107 -8.968328 281.794182
0.325000 0.325000 22.102595 -25.223925 278.887927
0.325000 0.375000 19.877712 -34.272022 278.077566
0.325000 0.425000 15.875972 -41.835744 271.862122
0.325000 0.475000 9.887957 -46.735518 273.028313
0.325000 0.525000 3.788984 -48.186281 272.353346
0.325000 0.575000 -6.558392 -42.171816 272.611661
0.325000 0.625000 -13.261452 -31.733348 275.189916
0.325000 0.675000 -20.411980 -20.566905 278.464540
0.325000 0.725000 -23.609386 -3.977693 280.561613
0.325000 0.775000 -26.684559 8.270983 278.389475
0.325000 0.825000 -22.742570 23.136933 277.103248
0.325000 0.875000 -21.195234 34.682318 275.789571
0.325000 0.925000 -14.666235 42.275377 273.599930
0.325000 0.975000 -7.932150 51.703548 272.564350
0.375000 0.025000 1.354197 38.170153 270.967926
0.375000 0.075000 14.484942 30.586319 268.725647
0.375000 0.125000 26.027474 23.905708 274.104942
0.375000 0.175000 30.450724 13.061786 276.700621
0.375000 0.225000 36.937015 2.095471 279.539439
0.375000 0.275000 37.115770 -10.264752 277.401971
0.375000 0.325000 35.618441 -17.984263 277.994438
0.375000 0.375000 27.250172 -28.613614 272.063623
0.375000 0.425000 21.701657 -34.774277 272.390670
0.375000 0.475000 11.011936 -38.690634 270.272644
0.375000 0.525000 -2.877726 -36.181359 270.286003
0.375000 0.575000 -14.636177 -32.095161 269.581193
0.375000 0.625000 -21.153708 -23.548343 273.445857
0.375000 0.675000 -30.197719 -12.566548 275.817196
0.375000 0.725000 -38.266837 -2.303262 277.540424
0.375000 0.775000 -35.318259 10.503797 276.475088
0.375000 0.825000 -34.231582 21.821334 274.651671
0.375000 0.875000 -28.829089 33.457474 274.691471
0.375000 0.925000 -20.549496 33.350268 271.707569
0.375000 0.975000 -11.661532 41.690552 270.464076
0.425000 0.025000 5.356571 23.182737 266.734841
0.425000 0.075000 21.997081 19.633252 268.698553
0.425000 0.125000 31.445863 12.731459 271.319867
0.425000 0.175000 40.915440 6.310450 273.059364
0.425000 0.225000 47.609690 -0.220671 276.506614
0.425000 0.275000 47.772724 -5.893280 275.214434
0.425000 0.325000 44.129033 -14.632421 273.742471
0.425000 0.375000 37.185235 -20.125788 271.114012
0.425000 0.425000 22.715360 -25.246826 270.432534
0.425000 0.475000 11.726295 -24.916680 266.773496
0.425000 0.525000 -5.447443 -24.891676 267.941835
0.425000 0.575000 -19.589506 -18.306282 269.123648
0.425000 0.625000 -29.472474 -13.143965 272.224482
0.425000 0.675000 -41.996766 -6.944905 273.539000
0.425000 0.725000 -45.748390 -1.432121 274.548381
0.425000 0.775000 -47.559128 10.200170 275.265597
0.425000 0.825000 -43.800028 14.503742 271.817575
0.425000 0.875000 -36.395487 19.253739 270.298943
0.425000 0.925000 -24.881302 24.582477 269.486442
0.425000 0.975000 -10.438427 25.122708 268.415705
0.475000 0.025000 7.006267 5.588374 266.455455
0.475000 0.075000 24.989414 4.837328 269.113199
0.475000 0.125000 35.476572 1.043172 268.734294
0.475000 0.175000 46.229000 -0.531544 271.356193
0.475000 0.225000 52.109831 -5.398826 273.117841
0.475000 0.275000 53.972170 -5.776619 271.667077
0.475000 0.325000 50.041434 -8.992983 272.997641
0.475000 0.375000 37.363024 -8.966958 271.952227
0.475000 0.425000 26.081434 -11.617404 268.336181
0.475000 0.475000 11.856482 -10.184380 266.436319
0.475000 0.525000 -6.847283 -8.421751 265.285037
0.475000 0.575000 -21.731082 -4.828621 267.501096
0.475000 0.625000 -37.106122 -1.911506 270.644617
0.475000 0.675000 -46.447000 1.633281 271.910230
0.475000 0.725000 -52.234745 2.348177 274.559390
0.475000 0.775000 -51.495573 5.935367 272.591799
0.475000 0.825000 -47.528775 10.467390 271.672629
0.475000 0.875000 -40.488015 11.880164 269.775586
0.475000 0.925000 -24.572955 11.002461 266.970756
0.475000 0.975000 -9.980529 10.176983 266.792729
0.525000 0.025000 8.318743 -9.677770 265.033827
0.525000 0.075000 23.520566 -8.795787 269.865689
0.525000 0.125000 38.688988 -9.049879 269.457127
0.525000 0.175000 47.295613 -7.708928 271.741046
0.525000 0.225000 51.521705 -8.000207 274.379950
0.525000 0.275000 50.132636 -4.249578 272.594890
0.525000 0.325000 48.623798 -2.976904 271.982378
0.525000 0.375000 36.459193 2.709702 270.295240
0.525000 0.425000 21.973890 6.323239 267.473450
0.525000 0.475000 6.848542 7.195100 266.647709
0.525000 0.525000 -8.655160 9.180837 265.735522
0.525000 0.575000 -24.732985 6.642607 268.293795
0.525000 0.625000 -40.204880 9.272479 270.128215
0.525000 0.675000 -46.055149 9.674822 269.875114
0.525000 0.725000 -55.221021 7.735737 275.925509
0.525000 0.775000 -52.996558 5.303066 273.167468
0.525000 0.825000 -47.586276 2.264950 272.910865
0.525000 0.875000 -37.480396 -1.658264 270.505328
0.525000 0.925000 -23.956493 -5.305709 267.612761
0.525000 0.975000 -7.294113 -7.103522 266.184803
0.575000 0.025000 10.250645 -25.378815 268.333041
0.575000 0.075000 23.761638 -23.073564 270.240245
0.575000 0.125000 34.436548 -20.341476 269.429124
0.575000 0.175000 44.099382 -15.606753 274.282277
0.575000 0.225000 46.729767 -9.724112 275.039243
0.575000 0.275000 44.596386 -0.350264 274.220024
0.575000 0.325000 40.783752 7.950314 274.452158
0.575000 0.375000 32.680950 13.323497 270.925231
0.575000 0.425000 19.821147 21.127350 268.224219
0.575000 0.475000 3.849829 22.070889 267.111046
0.575000 0.525000 -9.918691 24.359173 270.126658
0.575000 0.575000 -23.010010 25.275018 272.219771
0.575000 0.625000 -35.645589 20.186038 272.650838
0.575000 0.675000 -44.064011 15.952230 274.090958
0.575000 0.725000 -47.657476 11.710160 275.338687
0.575000 0.775000 -46.188624 -0.203492 277.447781
0.575000 0.825000 -42.226720 -7.353626 274.200007
0.575000 0.875000 -32.198073 -12.410632 272.759346
0.575000 0.925000 -22.153994 -20.343909 269.607723
0.575000 0.975000 -2.861212 -23.948818 268.606001
0.625000 0.025000 10.043617 -39.112434 269.499610
0.625000 0.075000 19.100585 -36.844728 271.242078
0.625000 0.125000 28.667934 -29.002970 274.655259
0.625000 0.175000 36.426088 -21.400919 275.910345
0.625000 0.225000 35.379811 -8.220513 277.243232
0.625000 0.275000 36.784564 0.753199 277.477354
0.625000 0.325000 32.820445 13.452023 276.182264
0.625000 0.375000 25.532001 24.643964 274.824695
0.625000 0.425000 13.539288 31.520302 271.253366
0.625000 0.475000 -0.172104 37.005001 269.971657
0.625000 0.525000 -11.746480 37.570972 269.137727
0.625000 0.575000 -20.164170 33.180093 271.264443
0.625000 0.625000 -32.479820 29.504370 275.286780
0.625000 0.675000 -34.262623 20.217400 275.115554
0.625000 0.725000 -38.070478 11.130140 277.758677
0.625000 0.775000 -34.470678 -0.751950 277.189008
0.625000 0.825000 -33.178437 -13.020180 276.745097
0.625000 0.875000 -25.839305 -23.548902 274.852291
0.625000 0.925000 -13.803121 -32.373402 271.766652
0.625000 0.975000 -3.626208 -36.227521 270.223041
0.675000 0.025000 8.237557 -48.722435 269.400868
0.675000 0.075000 17.254988 -44.214811 273.732008
0.675000 0.125000 20.039053 -35.036128 277.206796
0.675000 0.175000 24.568116 -22.135815 277.857876
0.675000 0.225000 24.308247 -8.872887 279.466464
0.675000 0.275000 22.904803 3.378141 279.503806
0.675000 0.325000 19.144002 18.856402 277.826814
0.675000 0.375000 13.042729 33.571739 276.022184
0.675000 0.425000 5.912748 40.335516 274.526709
0.675000 0.475000 -0.462159 47.387412 272.665136
0.675000 0.525000 -10.093497 47.712180 271.695234
0.675000 0.575000 -15.781215 44.029317 275.088776
0.675000 0.625000 -20.830188 32.747017 277.692914
0.675000 0.675000 -23.945876 22.384609 278.558300
0.675000 0.725000 -23.950774 11.771964 280.345593
0.675000 0.775000 -23.596298 -4.763695 279.031352
0.675000 0.825000 -19.405847 -20.151352 278.085747
0.675000 0.875000 -14.629841 -31.217700 275.048865
0.675000 0.925000 -6.322622 -41.715626 272.612725
0.675000 0.975000 1.733533 -46.258166 272.525510
0.725000 0.025000 6.506369 -52.139953 272.139408
0.725000 0.075000 7.272479 -48.708843 274.870875
0.725000 0.125000 8.622027 -40.951822 276.802628
0.725000 0.175000 9.012254 -23.361460 281.244968
0.725000 0.225000 9.733796 -8.837508 282.022120
0.725000 0.275000 7.744085 5.943163 281.914732
0.725000 0.325000 3.715077 23.088927 278.711744
0.725000 0.375000 2.577318 37.090189 279.325377
0.725000 0.425000 -3.301421 47.941566 273.691678
0.725000 0.475000 -5.088646 51.499189 272.247453
0.725000 0.525000 -8.045532 51.688478 271.219851
0.725000 0.575000 -9.446271 48.103879 274.688725
0.725000 0.625000 -9.257604 37.593433 275.668194
0.725000 0.675000 -10.270525 26.662452 280.268660
0.725000 0.725000 -9.079545 9.576205 281.920259
0.725000 0.775000 -9.291150 -7.511691 281.328557
0.725000 0.825000 -4.610830 -24.397541 278.816323
0.725000 0.875000 -2.293503 -37.543803 276.842878
0.725000 0.925000 0.801053 -45.290003 273.800271
0.725000 0.975000 5.858842 -51.337725 273.657433
0.775000 0.025000 4.913726 -53.168260 274.212411
0.775000 0.075000 0.426503 -48.815341 275.131290
0.775000 0.125000 -1.832390 -37.625058 279.513209
0.775000 0.175000 -5.292229 -22.870893 278.118899
0.775000 0.225000 -8.683124 -8.828780 282.471966
0.775000 0.275000 -9.104503 9.356164 283.020075
0.775000 0.325000 -10.209583 21.433516 281.744104
0.775000 0.375000 -10.043205 39.415443 277.511576
0.775000 0.425000 -10.267710 48.408487 277.730416
0.775000 0.475000 -6.574980 52.998547 274.206528
0.775000 0.525000 -2.949791 52.902692 271.945640
0.775000 0.575000 -0.376389 47.488398 275.169403
0.775000 0.625000 1.644772 37.025610 277.375993
0.775000 0.675000 5.000423 24.154913 278.321042
0.775000 0.725000 5.504739 5.926063 284.933327
0.775000 0.775000 10.669906 -10.063846 282.114950
0.775000 0.825000 11.536459 -24.597170 280.129399
0.775000 0.875000 9.680353 -34.467141 279.717988
0.775000 0.925000 6.821572 -47.833027 275.822841
0.775000 0.975000 8.225644 -52.433865 273.400810
0.825000 0.025000 0.158517 -49.265065 271.607861
0.825000 0.075000 -4.865248 -41.164319 274.102510
0.825000 0.125000 -13.638201 -31.826897 275.918592
0.825000 0.175000 -19.824761 -18.717502 279.049558
0.825000 0.225000 -21.379841 -4.279587 279.598117
0.825000 0.275000 -25.682103 9.610295 279.431119
0.825000 0.325000 -22.161693 25.673702 278.509691
0.825000 0.375000 -21.309765 38.097457 276.424745
0.825000 0.425000 -14.228550 44.751219 274.862119
0.825000 0.475000 -6.790416 47.931235 271.297557
0.825000 0.525000 -2.118943 48.286289 271.014130
0.825000 0.575000 6.857372 41.632430 273.351530
0.825000 0.625000 13.810218 30.531047 276.651875
0.825000 0.675000 18.782510 17.577201 278.562684
0.825000 0.725000 22.040126 3.181911 278.950952
0.825000 0.775000 25.618031 -10.193162 280.276066
0.825000 0.825000 23.617218 -23.801776 279.174771
0.825000 0.875000 20.869186 -34.016240 275.502388
0.825000 0.925000 16.788937 -42.090646 272.307397
0.825000 0.975000 9.197973 -46.392043 273.449928
0.875000 0.025000 -1.662338 -38.772209 268.544949
0.875000 0.075000 -14.110544 -31.576006 272.304419
0.875000 0.125000 -21.703265 -25.019899 271.719344
0.875000 0.175000 -32.267951 -12.951616 275.272155
0.875000 0.225000 -35.135238 -2.483164 277.548459
0.875000 0.275000 -37.252786 10.424565 278.124734
0.875000 0.325000 -33.401264 20.583797 277.714187
0.875000 0.375000 -30.202590 28.714892 274.064979
0.875000 0.425000 -20.483486 36.945616 271.877648
0.875000 0.475000 -7.640843 38.408896 269.469543
0.875000 0.525000 1.435784 37.007269 268.959238
0.875000 0.575000 12.463771 33.195265 270.506949
0.875000 0.625000 24.252654 23.694725 272.722394
0.875000 0.675000 30.258974 14.520275 274.430247
0.875000 0.725000 36.907768 1.762725 275.023314
0.875000 0.775000 39.489625 -9.032379 276.535886
0.875000 0.825000 32.815260 -21.240035 275.849471
0.875000 0.875000 27.241699 -30.300578 275.114246
0.875000 0.925000 22.756755 -37.342471 272.005341
0.875000 0.975000 11.258081 -37.165118 269.852828
0.925000 0.025000 -7.212706 -22.425538 268.589858
0.925000 0.075000 -17.665201 -20.033038 268.642629
0.925000 0.125000 -29.142454 -12.446575 271.402248
0.925000 0.175000 -39.717892 -4.294569 273.896415
0.925000 0.225000 -47.298574 1.794520 273.112102
0.925000 0.275000 -49.072867 8.539261 275.011749
0.925000 0.325000 -42.024543 17.775177 272.209489
0.925000 0.375000 -35.592941 21.276412 270.334917
0.925000 0.425000 -23.041602 23.794024 269.122456
0.925000 0.475000 -9.699070 23.310694 267.187690
0.925000 0.525000 3.868916 22.168469 266.419851
0.925000 0.575000 16.783010 17.853893 268.301461
0.925000 0.625000 32.147036 14.743514 270.041644
0.925000 0.675000 41.089001 4.876916 273.726980
0.925000 0.725000 47.392677 -0.949422 275.124374
0.925000 0.775000 47.477269 -9.968015 274.195187
0.925000 0.825000 45.207153 -16.699796 273.723152
0.925000 0.875000 36.636474 -21.594695 271.356869
0.925000 0.925000 24.480895 -26.223873 270.458734
0.925000 0.975000 9.073855 -24.721527 268.996284
0.975000 0.025000 -6.190501 -9.045313 267.806587
0.975000 0.075000 -23.603034 -2.026792 268.174145
0.975000 0.125000 -37.660363 -1.067376 270.678985
0.975000 0.175000 -45.624700 0.680579 272.201470
0.975000 0.225000 -51.328404 3.269746 272.760550
0.975000 0.275000 -53.331188 5.777621 274.243433
0.975000 0.325000 -45.553741 11.461727 272.860576
0.975000 0.375000 -38.148820 9.281152 269.307343
0.975000 0.425000 -25.600542 10.258406 267.531299
0.975000 0.475000 -8.008860 8.345652 266.064967
0.975000 0.525000 6.659681 8.390420 265.099873
0.975000 0.575000 23.798708 4.188965 266.391118
0.975000 0.625000 34.996243 2.290578 270.024092
0.975000 0.675000 46.603416 -2.557313 272.805755
0.975000 0.725000 52.940853 -2.705640 274.478156
0.975000 0.775000 53.084647 -7.367710 274.172509
0.975000 0.825000 47.533857 -9.059219 271.379116
0.975000 0.875000 37.417946 -9.604165 270.809149
0.975000 0.925000 24.581213 -10.032091 266.885462
0.975000 0.975000 9.372742 -8.997247 266.673819
